AeroDyn airfoil file.  Compatible with AeroDyn v13.0.
This file was generated automatically by HARP_Opt.
This data represents a 41.9 percent thick airfoil, and was interpolated between the airfoil data in the files NREL5MW_1000.dat and NREL5MW_0400.dat.
  1           Number of airfoil tables in this file
 1.000         Table ID parameter (Reynolds number in millions)
 8.715         Stall angle (deg)
  0           Zero lift angle of attack (deg)
  0           Cn slope for zero lift (dimensionless)
  0           Cn at stall value for positive angle of attack
  0           Cn at stall value for negative angle of attack
  0           Angle of attack for minimum CD (deg)
  0           Minimum CD value
-180.000    0.0000    0.0741    0.0000
-175.000    0.2111    0.0835    0.0904
-170.000    0.3844    0.1230    0.1643
-160.000    0.6217    0.3107    0.2724
-155.000    0.6924    0.4205    0.3106
-150.000    0.7330    0.5344    0.3405
-145.000    0.7476    0.6486    0.3633
-140.000    0.7379    0.7600    0.3802
-135.000    0.7079    0.8657    0.3920
-130.000    0.6585    0.9636    0.3995
-125.000    0.5936    1.0520    0.4034
-120.000    0.5152    1.1293    0.4044
-115.000    0.4251    1.1947    0.4026
-110.000    0.3263    1.2472    0.3987
-105.000    0.2208    1.2861    0.3929
-100.000    0.1104    1.3113    0.3853
-95.000    -0.0019    1.3223    0.3764
-90.000    -0.1162    1.3192    0.3661
-85.000    -0.2285    1.3021    0.3547
-80.000    -0.3379    1.2712    0.3422
-75.000    -0.4416    1.2269    0.3287
-70.000    -0.5394    1.1699    0.3141
-65.000    -0.6265    1.1008    0.2986
-60.000    -0.7040    1.0206    0.2822
-55.000    -0.7669    0.9305    0.2646
-50.000    -0.8153    0.8320    0.2462
-45.000    -0.8463    0.7271    0.2268
-40.000    -0.8579    0.6177    0.2062
-35.000    -0.8473    0.5065    0.1846
-30.000    -0.8124    0.3966    0.1617
-25.000    -0.7524    0.2917    0.1377
-24.000    -0.7369    0.2717    0.1328
-23.000    -0.7204    0.2521    0.1278
-22.000    -0.7020    0.2329    0.1228
-21.000    -0.6836    0.2142    0.1177
-20.000    -0.6633    0.1960    0.1125
-19.000    -0.6410    0.1792    0.1062
-18.000    -0.6149    0.1643    0.0980
-17.000    -0.5858    0.1512    0.0878
-16.000    -0.5529    0.1399    0.0759
-15.000    -0.5171    0.1304    0.0626
-14.000    -0.4784    0.1224    0.0478
-13.000    -0.4377    0.1162    0.0320
-12.000    -0.3941    0.1113    0.0151
-11.000    -0.3486    0.1079    -0.0025
-10.000    -0.3012    0.1060    -0.0206
-8.000    -0.2014    0.1059    -0.0581
-6.000    -0.1075    0.0826    -0.0484
-5.500    -0.0872    0.0753    -0.0500
-5.000    -0.0697    0.0688    -0.0515
-4.500    -0.0629    0.0623    -0.0521
-4.000    -0.0523    0.0556    -0.0527
-3.500    -0.0165    0.0496    -0.0536
-3.000    0.0029    0.0448    -0.0540
-2.500    0.0136    0.0405    -0.0537
-2.000    0.0087    0.0350    -0.0517
-1.500    0.0039    0.0317    -0.0428
-1.000    0.0349    0.0301    -0.0454
-0.500    0.0707    0.0291    -0.0505
0.000    0.1327    0.0268    -0.0555
0.500    0.2063    0.0269    -0.0624
1.000    0.2828    0.0273    -0.0695
1.500    0.3573    0.0276    -0.0758
2.000    0.4299    0.0278    -0.0809
2.500    0.4977    0.0278    -0.0839
3.000    0.5616    0.0277    -0.0859
3.500    0.6246    0.0275    -0.0872
4.000    0.6875    0.0274    -0.0885
4.500    0.7514    0.0276    -0.0903
5.000    0.8144    0.0279    -0.0917
5.500    0.8754    0.0283    -0.0927
6.000    0.9364    0.0289    -0.0936
6.500    0.9945    0.0298    -0.0942
7.000    1.0497    0.0311    -0.0941
7.500    1.1039    0.0327    -0.0941
8.000    1.1552    0.0350    -0.0937
8.500    1.2027    0.0382    -0.0928
9.000    1.2462    0.0425    -0.0918
9.500    1.2908    0.0471    -0.0912
10.000    1.3247    0.0539    -0.0897
10.500    1.3557    0.0618    -0.0879
11.000    1.3799    0.0720    -0.0862
11.500    1.4031    0.0827    -0.0849
12.000    1.4264    0.0948    -0.0842
12.500    1.4467    0.1101    -0.0842
13.000    1.4651    0.1252    -0.0848
13.500    1.4893    0.1406    -0.0858
14.500    1.5367    0.1756    -0.0888
15.000    1.5629    0.1945    -0.0909
15.500    1.5794    0.2145    -0.0935
16.000    1.5968    0.2337    -0.0964
16.500    1.6132    0.2547    -0.0998
17.000    1.6278    0.2757    -0.1035
17.500    1.6452    0.2966    -0.1075
18.000    1.6646    0.3181    -0.1120
19.000    1.6956    0.3600    -0.1203
19.500    1.7110    0.3822    -0.1250
20.500    1.7411    0.4237    -0.1340
21.000    1.7527    0.4434    -0.1371
22.000    1.7721    0.4835    -0.1432
23.000    1.7885    0.5249    -0.1493
24.000    1.8021    0.5672    -0.1552
25.000    1.8127    0.6105    -0.1611
26.000    1.8214    0.6543    -0.1669
28.000    1.8340    0.7433    -0.1783
30.000    1.8437    0.8332    -0.1892
32.000    1.8544    0.9226    -0.1998
35.000    1.8679    1.0541    -0.2150
40.000    1.8427    1.2624    -0.2390
45.000    1.7624    1.4486    -0.2615
50.000    1.6365    1.6040    -0.2829
55.000    1.4738    1.7210    -0.3028
60.000    1.2811    1.7937    -0.3216
65.000    1.0710    1.8183    -0.3391
70.000    0.8521    1.7924    -0.3556
75.000    0.6372    1.7169    -0.3709
80.000    0.4348    1.5975    -0.3851
85.000    0.2585    1.4535    -0.3982
90.000    0.1201    1.3598    -0.4100
95.000    0.0019    1.3630    -0.4205
100.000    -0.1143    1.3516    -0.4296
105.000    -0.2276    1.3258    -0.4371
110.000    -0.3370    1.2857    -0.4428
115.000    -0.4387    1.2318    -0.4464
120.000    -0.5316    1.1647    -0.4477
125.000    -0.6130    1.0850    -0.4460
130.000    -0.6798    0.9940    -0.4410
135.000    -0.7301    0.8931    -0.4321
140.000    -0.7621    0.7842    -0.4186
145.000    -0.7718    0.6695    -0.3996
150.000    -0.7572    0.5515    -0.3741
155.000    -0.7156    0.4340    -0.3410
160.000    -0.6430    0.3206    -0.2987
170.000    -0.3970    0.1266    -0.1799
175.000    -0.2188    0.0838    -0.0990
180.000    0.0000    0.0741    0.0000
EOT 1
