AeroDyn airfoil file.  Compatible with AeroDyn v13.0.
This file was generated automatically by HARP_Opt.
This data represents a 34.7 percent thick airfoil, and was interpolated between the airfoil data in the files NREL5MW_0350.dat and NREL5MW_0300.dat.
  1           Number of airfoil tables in this file
 1.000         Table ID parameter (Reynolds number in millions)
11.350         Stall angle (deg)
  0           Zero lift angle of attack (deg)
  0           Cn slope for zero lift (dimensionless)
  0           Cn at stall value for positive angle of attack
  0           Cn at stall value for negative angle of attack
  0           Angle of attack for minimum CD (deg)
  0           Minimum CD value
-180.000    0.0000    0.0399    0.0000
-175.000    0.2261    0.0499    0.0964
-170.000    0.4135    0.1050    0.1767
-160.000    0.6596    0.2976    0.2814
-155.000    0.7350    0.4115    0.3207
-150.000    0.7803    0.5303    0.3513
-145.000    0.7975    0.6500    0.3747
-140.000    0.7897    0.7671    0.3918
-135.000    0.7598    0.8786    0.4037
-130.000    0.7109    0.9823    0.4112
-125.000    0.6439    1.0762    0.4150
-120.000    0.5629    1.1589    0.4157
-115.000    0.4699    1.2292    0.4135
-110.000    0.3678    1.2861    0.4093
-105.000    0.2577    1.3291    0.4029
-100.000    0.1416    1.3576    0.3949
-95.000    0.0234    1.3713    0.3855
-90.000    -0.0958    1.3703    0.3747
-85.000    -0.2140    1.3546    0.3626
-80.000    -0.3293    1.3245    0.3495
-75.000    -0.4395    1.2801    0.3354
-70.000    -0.5427    1.2222    0.3203
-65.000    -0.6370    1.1516    0.3041
-60.000    -0.7193    1.0690    0.2871
-55.000    -0.7876    0.9758    0.2690
-50.000    -0.8399    0.8734    0.2500
-45.000    -0.8751    0.7639    0.2299
-40.000    -0.8894    0.6492    0.2088
-35.000    -0.8805    0.5323    0.1865
-30.000    -0.8467    0.4163    0.1631
-25.000    -0.7869    0.3050    0.1386
-24.000    -0.7730    0.2837    0.1334
-23.000    -0.7589    0.2628    0.1281
-22.000    -0.7442    0.2425    0.1228
-21.000    -0.7289    0.2227    0.1174
-20.000    -0.7122    0.2034    0.1120
-19.000    -0.6948    0.1846    0.1065
-18.000    -0.6766    0.1665    0.1008
-17.000    -0.6577    0.1491    0.0948
-16.000    -0.6396    0.1327    0.0870
-15.000    -0.6208    0.1172    0.0771
-14.000    -0.5980    0.1025    0.0653
-13.000    -0.5742    0.0888    0.0517
-12.000    -0.5498    0.0760    0.0366
-11.000    -0.5257    0.0646    0.0205
-10.000    -0.5022    0.0545    0.0035
-5.540    -0.3893    0.0237    -0.0798
-5.040    -0.3607    0.0217    -0.0800
-4.540    -0.3576    0.0190    -0.0801
-4.040    -0.3491    0.0169    -0.0803
-3.540    -0.3002    0.0158    -0.0805
-3.040    -0.2388    0.0141    -0.0807
-3.000    -0.2328    0.0231    -0.0640
-2.500    -0.1563    0.0182    -0.0690
-2.000    -0.0845    0.0156    -0.0727
-1.500    -0.0128    0.0134    -0.0761
-1.000    0.0580    0.0116    -0.0792
-0.500    0.1269    0.0103    -0.0820
0.000    0.2015    0.0094    -0.0845
0.364    0.2516    0.0095    -0.0868
0.727    0.3021    0.0096    -0.0891
1.090    0.3525    0.0098    -0.0913
1.451    0.4023    0.0098    -0.0934
1.811    0.4512    0.0099    -0.0952
2.170    0.4999    0.0100    -0.0969
2.526    0.5483    0.0101    -0.0986
2.879    0.5962    0.0102    -0.1002
3.229    0.6427    0.0103    -0.1016
3.576    0.6890    0.0103    -0.1030
3.920    0.7356    0.0104    -0.1045
4.259    0.7810    0.0105    -0.1058
4.594    0.8255    0.0106    -0.1071
4.925    0.8691    0.0107    -0.1083
5.250    0.9120    0.0108    -0.1095
5.570    0.9541    0.0108    -0.1106
5.884    0.9956    0.0109    -0.1115
6.192    1.0352    0.0111    -0.1122
6.494    1.0737    0.0112    -0.1128
6.789    1.1109    0.0113    -0.1133
7.077    1.1475    0.0115    -0.1138
7.357    1.1835    0.0116    -0.1144
7.631    1.2176    0.0117    -0.1148
7.896    1.2505    0.0119    -0.1151
8.153    1.2805    0.0122    -0.1149
8.402    1.3093    0.0125    -0.1145
8.642    1.3337    0.0128    -0.1136
8.874    1.3572    0.0131    -0.1124
9.096    1.3812    0.0135    -0.1115
9.309    1.4044    0.0140    -0.1109
9.512    1.4261    0.0144    -0.1103
9.706    1.4466    0.0149    -0.1097
9.889    1.4657    0.0154    -0.1091
10.063    1.4824    0.0160    -0.1085
10.226    1.4980    0.0166    -0.1077
10.379    1.5125    0.0172    -0.1070
10.521    1.5258    0.0177    -0.1064
10.652    1.5380    0.0183    -0.1058
10.772    1.5492    0.0187    -0.1053
10.881    1.5591    0.0192    -0.1048
10.979    1.5667    0.0198    -0.1044
11.065    1.5735    0.0204    -0.1039
11.141    1.5794    0.0209    -0.1034
11.205    1.5844    0.0213    -0.1030
11.257    1.5886    0.0216    -0.1027
11.298    1.5917    0.0219    -0.1024
11.327    1.5940    0.0221    -0.1022
11.344    1.5954    0.0222    -0.1021
11.350    1.5959    0.0222    -0.1021
11.367    1.5970    0.0224    -0.1020
11.419    1.6004    0.0228    -0.1016
11.505    1.6061    0.0235    -0.1011
11.626    1.6141    0.0244    -0.1003
11.781    1.6244    0.0257    -0.0993
11.971    1.6369    0.0274    -0.0980
12.194    1.6516    0.0296    -0.0968
12.451    1.6671    0.0326    -0.0954
12.741    1.6818    0.0370    -0.0938
13.064    1.6948    0.0424    -0.0920
13.421    1.7046    0.0490    -0.0900
13.809    1.7019    0.0585    -0.0877
14.230    1.6959    0.0719    -0.0855
14.682    1.6838    0.0883    -0.0843
15.166    1.6643    0.1069    -0.0840
15.680    1.6413    0.1271    -0.0845
16.224    1.6125    0.1501    -0.0872
16.798    1.5856    0.1745    -0.0917
17.401    1.5561    0.2015    -0.0981
18.032    1.5352    0.2333    -0.1062
18.691    1.5321    0.2594    -0.1132
19.377    1.5363    0.2853    -0.1206
20.090    1.5527    0.3105    -0.1261
20.828    1.5545    0.3367    -0.1313
21.590    1.5542    0.3644    -0.1365
22.377    1.5523    0.3937    -0.1418
23.187    1.5476    0.4244    -0.1471
24.020    1.5418    0.4565    -0.1526
24.874    1.5359    0.4898    -0.1580
25.748    1.5290    0.5243    -0.1636
26.643    1.5226    0.5596    -0.1691
27.556    1.5163    0.5957    -0.1747
28.487    1.5118    0.6323    -0.1802
29.436    1.5086    0.6694    -0.1856
30.400    1.5081    0.7067    -0.1910
31.379    1.5108    0.7440    -0.1963
32.372    1.5144    0.7814    -0.2016
33.378    1.5193    0.8186    -0.2067
34.397    1.5243    0.8563    -0.2120
35.426    1.5260    0.8938    -0.2171
36.465    1.5230    0.9309    -0.2222
37.512    1.5200    0.9683    -0.2273
38.568    1.5169    1.0059    -0.2325
39.629    1.5138    1.0438    -0.2377
40.697    1.5048    1.0798    -0.2427
41.769    1.4926    1.1148    -0.2476
42.844    1.4803    1.1500    -0.2526
43.921    1.4681    1.1852    -0.2575
45.000    1.4558    1.2204    -0.2625
50.000    1.3622    1.3623    -0.2842
55.000    1.2370    1.4772    -0.3046
60.000    1.0871    1.5603    -0.3239
65.000    0.9203    1.6086    -0.3420
70.000    0.7444    1.6201    -0.3589
75.000    0.5663    1.5952    -0.3748
80.000    0.3940    1.5370    -0.3895
85.000    0.2360    1.4574    -0.4031
90.000    0.1005    1.4035    -0.4154
95.000    -0.0225    1.4046    -0.4264
100.000    -0.1434    1.3907    -0.4360
105.000    -0.2614    1.3618    -0.4440
110.000    -0.3743    1.3180    -0.4501
115.000    -0.4802    1.2600    -0.4541
120.000    -0.5752    1.1883    -0.4556
125.000    -0.6591    1.1038    -0.4543
130.000    -0.7270    1.0079    -0.4494
135.000    -0.7779    0.9018    -0.4407
140.000    -0.8089    0.7876    -0.4272
145.000    -0.8178    0.6678    -0.4080
150.000    -0.7998    0.5451    -0.3823
155.000    -0.7538    0.4231    -0.3485
160.000    -0.6768    0.3062    -0.3055
170.000    -0.4248    0.1083    -0.1899
175.000    -0.2317    0.0503    -0.1035
180.000    0.0000    0.0399    0.0000
EOT 1
