AeroDyn airfoil file.  Compatible with AeroDyn v13.0.
This file was generated automatically by HARP_Opt.
This data represents a 76.3 percent thick airfoil, and was interpolated between the airfoil data in the files NREL5MW_1000.dat and NREL5MW_0400.dat.
  1           Number of airfoil tables in this file
 1.000         Table ID parameter (Reynolds number in millions)
 3.555         Stall angle (deg)
  0           Zero lift angle of attack (deg)
  0           Cn slope for zero lift (dimensionless)
  0           Cn at stall value for positive angle of attack
  0           Cn at stall value for negative angle of attack
  0           Angle of attack for minimum CD (deg)
  0           Minimum CD value
-180.000    0.0000    0.3263    0.0000
-175.000    0.0861    0.3301    0.0369
-170.000    0.1568    0.3462    0.0670
-160.000    0.2536    0.4228    0.1111
-155.000    0.2824    0.4676    0.1267
-150.000    0.2990    0.5140    0.1389
-145.000    0.3049    0.5606    0.1482
-140.000    0.3010    0.6061    0.1551
-135.000    0.2887    0.6492    0.1599
-130.000    0.2686    0.6891    0.1630
-125.000    0.2421    0.7251    0.1646
-120.000    0.2101    0.7567    0.1650
-115.000    0.1734    0.7834    0.1642
-110.000    0.1331    0.8048    0.1626
-105.000    0.0901    0.8207    0.1603
-100.000    0.0450    0.8309    0.1572
-95.000    -0.0008    0.8354    0.1535
-90.000    -0.0474    0.8342    0.1493
-85.000    -0.0932    0.8272    0.1447
-80.000    -0.1379    0.8146    0.1396
-75.000    -0.1801    0.7965    0.1341
-70.000    -0.2200    0.7733    0.1281
-65.000    -0.2556    0.7451    0.1218
-60.000    -0.2872    0.7124    0.1151
-55.000    -0.3128    0.6756    0.1080
-50.000    -0.3326    0.6354    0.1004
-45.000    -0.3452    0.5926    0.0925
-40.000    -0.3500    0.5480    0.0841
-35.000    -0.3456    0.5026    0.0753
-30.000    -0.3314    0.4578    0.0660
-25.000    -0.3069    0.4150    0.0562
-24.000    -0.3006    0.4069    0.0542
-23.000    -0.2939    0.3989    0.0521
-22.000    -0.2864    0.3911    0.0501
-21.000    -0.2789    0.3834    0.0480
-20.000    -0.2706    0.3760    0.0459
-19.000    -0.2615    0.3691    0.0433
-18.000    -0.2508    0.3631    0.0400
-17.000    -0.2390    0.3577    0.0358
-16.000    -0.2255    0.3531    0.0310
-15.000    -0.2109    0.3492    0.0255
-14.000    -0.1951    0.3460    0.0195
-13.000    -0.1785    0.3434    0.0130
-12.000    -0.1608    0.3414    0.0062
-11.000    -0.1422    0.3401    -0.0010
-10.000    -0.1228    0.3393    -0.0084
-8.000    -0.0822    0.3392    -0.0237
-6.000    -0.0438    0.3297    -0.0197
-5.500    -0.0355    0.3268    -0.0204
-5.000    -0.0284    0.3241    -0.0210
-4.500    -0.0257    0.3215    -0.0213
-4.000    -0.0213    0.3187    -0.0215
-3.500    -0.0067    0.3163    -0.0219
-3.000    0.0012    0.3143    -0.0220
-2.500    0.0055    0.3126    -0.0219
-2.000    0.0036    0.3103    -0.0211
-1.500    0.0016    0.3090    -0.0175
-1.000    0.0142    0.3083    -0.0185
-0.500    0.0288    0.3079    -0.0206
0.000    0.0541    0.3070    -0.0226
0.500    0.0841    0.3070    -0.0254
1.000    0.1153    0.3072    -0.0284
1.500    0.1458    0.3073    -0.0309
2.000    0.1754    0.3074    -0.0330
2.500    0.2030    0.3074    -0.0342
3.000    0.2291    0.3074    -0.0350
3.500    0.2548    0.3072    -0.0355
4.000    0.2804    0.3072    -0.0361
4.500    0.3065    0.3073    -0.0369
5.000    0.3322    0.3074    -0.0374
5.500    0.3571    0.3076    -0.0378
6.000    0.3820    0.3078    -0.0382
6.500    0.4057    0.3082    -0.0384
7.000    0.4282    0.3087    -0.0384
7.500    0.4503    0.3094    -0.0384
8.000    0.4712    0.3103    -0.0382
8.500    0.4906    0.3116    -0.0378
9.000    0.5084    0.3134    -0.0374
9.500    0.5265    0.3153    -0.0372
10.000    0.5404    0.3180    -0.0366
10.500    0.5530    0.3213    -0.0359
11.000    0.5629    0.3254    -0.0352
11.500    0.5724    0.3298    -0.0346
12.000    0.5818    0.3347    -0.0344
12.500    0.5901    0.3409    -0.0344
13.000    0.5976    0.3471    -0.0346
13.500    0.6075    0.3534    -0.0350
14.500    0.6269    0.3677    -0.0362
15.000    0.6375    0.3754    -0.0371
15.500    0.6442    0.3836    -0.0382
16.000    0.6514    0.3914    -0.0393
16.500    0.6581    0.3999    -0.0407
17.000    0.6640    0.4085    -0.0422
17.500    0.6711    0.4171    -0.0438
18.000    0.6790    0.4258    -0.0457
19.000    0.6916    0.4429    -0.0491
19.500    0.6980    0.4519    -0.0510
20.500    0.7102    0.4689    -0.0547
21.000    0.7149    0.4769    -0.0559
22.000    0.7228    0.4933    -0.0584
23.000    0.7296    0.5102    -0.0609
24.000    0.7351    0.5274    -0.0633
25.000    0.7394    0.5451    -0.0657
26.000    0.7430    0.5629    -0.0681
28.000    0.7481    0.5993    -0.0727
30.000    0.7521    0.6359    -0.0772
32.000    0.7564    0.6724    -0.0815
35.000    0.7620    0.7260    -0.0877
40.000    0.7517    0.8110    -0.0975
45.000    0.7189    0.8869    -0.1067
50.000    0.6675    0.9503    -0.1154
55.000    0.6012    0.9981    -0.1235
60.000    0.5226    1.0277    -0.1312
65.000    0.4369    1.0378    -0.1383
70.000    0.3476    1.0272    -0.1450
75.000    0.2599    0.9964    -0.1513
80.000    0.1774    0.9477    -0.1571
85.000    0.1055    0.8890    -0.1624
90.000    0.0490    0.8507    -0.1672
95.000    0.0008    0.8520    -0.1715
100.000    -0.0466    0.8474    -0.1753
105.000    -0.0928    0.8369    -0.1783
110.000    -0.1375    0.8205    -0.1806
115.000    -0.1789    0.7985    -0.1821
120.000    -0.2169    0.7711    -0.1826
125.000    -0.2500    0.7386    -0.1819
130.000    -0.2773    0.7015    -0.1799
135.000    -0.2978    0.6604    -0.1762
140.000    -0.3109    0.6159    -0.1708
145.000    -0.3148    0.5691    -0.1630
150.000    -0.3089    0.5210    -0.1526
155.000    -0.2919    0.4731    -0.1391
160.000    -0.2623    0.4268    -0.1219
170.000    -0.1619    0.3477    -0.0734
175.000    -0.0893    0.3302    -0.0404
180.000    0.0000    0.3263    0.0000
EOT 1
