AeroDyn airfoil file.  Compatible with AeroDyn v13.0.
This file was generated automatically by HARP_Opt.
This data represents a 63.6 percent thick airfoil, and was interpolated between the airfoil data in the files NREL5MW_1000.dat and NREL5MW_0400.dat.
  1           Number of airfoil tables in this file
 1.000         Table ID parameter (Reynolds number in millions)
 5.460         Stall angle (deg)
  0           Zero lift angle of attack (deg)
  0           Cn slope for zero lift (dimensionless)
  0           Cn at stall value for positive angle of attack
  0           Cn at stall value for negative angle of attack
  0           Angle of attack for minimum CD (deg)
  0           Minimum CD value
-180.000    0.0000    0.2332    0.0000
-175.000    0.1323    0.2391    0.0567
-170.000    0.2408    0.2638    0.1030
-160.000    0.3895    0.3814    0.1707
-155.000    0.4338    0.4502    0.1946
-150.000    0.4592    0.5215    0.2133
-145.000    0.4683    0.5931    0.2276
-140.000    0.4623    0.6629    0.2382
-135.000    0.4435    0.7291    0.2456
-130.000    0.4125    0.7905    0.2503
-125.000    0.3719    0.8458    0.2527
-120.000    0.3227    0.8943    0.2533
-115.000    0.2663    0.9352    0.2523
-110.000    0.2044    0.9681    0.2498
-105.000    0.1383    0.9925    0.2461
-100.000    0.0692    1.0083    0.2414
-95.000    -0.0012    1.0152    0.2358
-90.000    -0.0728    1.0132    0.2294
-85.000    -0.1432    1.0025    0.2222
-80.000    -0.2117    0.9831    0.2144
-75.000    -0.2766    0.9554    0.2059
-70.000    -0.3379    0.9197    0.1968
-65.000    -0.3925    0.8764    0.1871
-60.000    -0.4410    0.8261    0.1768
-55.000    -0.4805    0.7697    0.1658
-50.000    -0.5108    0.7080    0.1543
-45.000    -0.5302    0.6423    0.1421
-40.000    -0.5375    0.5737    0.1292
-35.000    -0.5308    0.5041    0.1156
-30.000    -0.5090    0.4352    0.1013
-25.000    -0.4714    0.3695    0.0863
-24.000    -0.4617    0.3569    0.0832
-23.000    -0.4514    0.3447    0.0801
-22.000    -0.4398    0.3327    0.0769
-21.000    -0.4283    0.3210    0.0737
-20.000    -0.4156    0.3096    0.0705
-19.000    -0.4016    0.2990    0.0666
-18.000    -0.3852    0.2897    0.0614
-17.000    -0.3670    0.2815    0.0550
-16.000    -0.3464    0.2744    0.0476
-15.000    -0.3240    0.2684    0.0392
-14.000    -0.2997    0.2635    0.0300
-13.000    -0.2742    0.2595    0.0200
-12.000    -0.2469    0.2565    0.0095
-11.000    -0.2184    0.2544    -0.0016
-10.000    -0.1887    0.2531    -0.0129
-8.000    -0.1262    0.2531    -0.0364
-6.000    -0.0673    0.2385    -0.0303
-5.500    -0.0546    0.2339    -0.0313
-5.000    -0.0437    0.2299    -0.0323
-4.500    -0.0394    0.2258    -0.0326
-4.000    -0.0328    0.2216    -0.0330
-3.500    -0.0103    0.2178    -0.0336
-3.000    0.0018    0.2148    -0.0339
-2.500    0.0085    0.2121    -0.0337
-2.000    0.0055    0.2087    -0.0324
-1.500    0.0024    0.2066    -0.0268
-1.000    0.0218    0.2056    -0.0285
-0.500    0.0443    0.2050    -0.0317
0.000    0.0831    0.2035    -0.0348
0.500    0.1292    0.2036    -0.0391
1.000    0.1771    0.2038    -0.0436
1.500    0.2239    0.2041    -0.0475
2.000    0.2694    0.2042    -0.0507
2.500    0.3118    0.2042    -0.0525
3.000    0.3519    0.2041    -0.0538
3.500    0.3913    0.2039    -0.0546
4.000    0.4307    0.2039    -0.0554
4.500    0.4708    0.2041    -0.0566
5.000    0.5102    0.2042    -0.0575
5.500    0.5484    0.2045    -0.0581
6.000    0.5866    0.2049    -0.0587
6.500    0.6230    0.2054    -0.0590
7.000    0.6576    0.2063    -0.0590
7.500    0.6916    0.2072    -0.0590
8.000    0.7238    0.2087    -0.0587
8.500    0.7535    0.2107    -0.0581
9.000    0.7808    0.2133    -0.0575
9.500    0.8087    0.2163    -0.0571
10.000    0.8299    0.2205    -0.0562
10.500    0.8493    0.2255    -0.0551
11.000    0.8645    0.2319    -0.0540
11.500    0.8791    0.2386    -0.0532
12.000    0.8936    0.2462    -0.0528
12.500    0.9064    0.2557    -0.0528
13.000    0.9179    0.2652    -0.0531
13.500    0.9331    0.2748    -0.0538
14.500    0.9628    0.2968    -0.0556
15.000    0.9792    0.3086    -0.0570
15.500    0.9895    0.3212    -0.0586
16.000    1.0004    0.3332    -0.0604
16.500    1.0107    0.3463    -0.0625
17.000    1.0198    0.3595    -0.0649
17.500    1.0307    0.3726    -0.0673
18.000    1.0429    0.3860    -0.0702
19.000    1.0623    0.4123    -0.0753
19.500    1.0720    0.4262    -0.0783
20.500    1.0908    0.4522    -0.0840
21.000    1.0981    0.4645    -0.0859
22.000    1.1102    0.4897    -0.0897
23.000    1.1205    0.5156    -0.0935
24.000    1.1290    0.5421    -0.0972
25.000    1.1357    0.5692    -0.1009
26.000    1.1411    0.5966    -0.1046
28.000    1.1490    0.6525    -0.1117
30.000    1.1551    0.7088    -0.1185
32.000    1.1618    0.7647    -0.1252
35.000    1.1703    0.8471    -0.1347
40.000    1.1545    0.9776    -0.1497
45.000    1.1041    1.0943    -0.1639
50.000    1.0253    1.1917    -0.1772
55.000    0.9233    1.2649    -0.1897
60.000    0.8026    1.3105    -0.2015
65.000    0.6710    1.3259    -0.2125
70.000    0.5339    1.3097    -0.2228
75.000    0.3992    1.2624    -0.2324
80.000    0.2724    1.1876    -0.2413
85.000    0.1620    1.0974    -0.2495
90.000    0.0752    1.0387    -0.2569
95.000    0.0012    1.0407    -0.2635
100.000    -0.0716    1.0336    -0.2692
105.000    -0.1426    1.0174    -0.2738
110.000    -0.2111    0.9922    -0.2774
115.000    -0.2748    0.9585    -0.2797
120.000    -0.3331    0.9164    -0.2805
125.000    -0.3840    0.8665    -0.2794
130.000    -0.4259    0.8095    -0.2763
135.000    -0.4574    0.7463    -0.2707
140.000    -0.4774    0.6781    -0.2623
145.000    -0.4835    0.6062    -0.2504
150.000    -0.4744    0.5323    -0.2344
155.000    -0.4483    0.4586    -0.2136
160.000    -0.4028    0.3876    -0.1872
170.000    -0.2487    0.2661    -0.1127
175.000    -0.1371    0.2393    -0.0620
180.000    0.0000    0.2332    0.0000
EOT 1
