AeroDyn airfoil file.  Compatible with AeroDyn v13.0.
This file was generated automatically by HARP_Opt.
This data represents a 40.8 percent thick airfoil, and was interpolated between the airfoil data in the files NREL5MW_1000.dat and NREL5MW_0400.dat.
  1           Number of airfoil tables in this file
 1.000         Table ID parameter (Reynolds number in millions)
 8.880         Stall angle (deg)
  0           Zero lift angle of attack (deg)
  0           Cn slope for zero lift (dimensionless)
  0           Cn at stall value for positive angle of attack
  0           Cn at stall value for negative angle of attack
  0           Angle of attack for minimum CD (deg)
  0           Minimum CD value
-180.000    0.0000    0.0661    0.0000
-175.000    0.2151    0.0756    0.0922
-170.000    0.3917    0.1159    0.1674
-160.000    0.6334    0.3071    0.2775
-155.000    0.7055    0.4190    0.3165
-150.000    0.7469    0.5350    0.3469
-145.000    0.7617    0.6515    0.3702
-140.000    0.7518    0.7649    0.3874
-135.000    0.7213    0.8727    0.3994
-130.000    0.6709    0.9724    0.4071
-125.000    0.6048    1.0624    0.4110
-120.000    0.5249    1.1412    0.4120
-115.000    0.4331    1.2078    0.4103
-110.000    0.3325    1.2613    0.4062
-105.000    0.2250    1.3010    0.4003
-100.000    0.1125    1.3266    0.3926
-95.000    -0.0020    1.3379    0.3835
-90.000    -0.1184    1.3347    0.3731
-85.000    -0.2329    1.3173    0.3614
-80.000    -0.3443    1.2858    0.3487
-75.000    -0.4499    1.2407    0.3349
-70.000    -0.5496    1.1826    0.3201
-65.000    -0.6384    1.1121    0.3043
-60.000    -0.7173    1.0304    0.2875
-55.000    -0.7814    0.9387    0.2697
-50.000    -0.8308    0.8383    0.2509
-45.000    -0.8623    0.7314    0.2311
-40.000    -0.8742    0.6199    0.2101
-35.000    -0.8633    0.5066    0.1881
-30.000    -0.8278    0.3946    0.1648
-25.000    -0.7666    0.2878    0.1403
-24.000    -0.7509    0.2673    0.1353
-23.000    -0.7341    0.2474    0.1302
-22.000    -0.7153    0.2279    0.1251
-21.000    -0.6966    0.2088    0.1199
-20.000    -0.6759    0.1903    0.1147
-19.000    -0.6532    0.1731    0.1082
-18.000    -0.6265    0.1579    0.0999
-17.000    -0.5969    0.1446    0.0895
-16.000    -0.5634    0.1331    0.0774
-15.000    -0.5269    0.1234    0.0637
-14.000    -0.4874    0.1153    0.0487
-13.000    -0.4460    0.1089    0.0326
-12.000    -0.4016    0.1040    0.0154
-11.000    -0.3552    0.1005    -0.0026
-10.000    -0.3069    0.0985    -0.0210
-8.000    -0.2052    0.0984    -0.0592
-6.000    -0.1095    0.0746    -0.0493
-5.500    -0.0888    0.0672    -0.0509
-5.000    -0.0710    0.0606    -0.0525
-4.500    -0.0641    0.0540    -0.0531
-4.000    -0.0533    0.0472    -0.0537
-3.500    -0.0168    0.0411    -0.0547
-3.000    0.0030    0.0362    -0.0551
-2.500    0.0138    0.0318    -0.0548
-2.000    0.0089    0.0262    -0.0527
-1.500    0.0039    0.0228    -0.0436
-1.000    0.0355    0.0212    -0.0463
-0.500    0.0720    0.0202    -0.0515
0.000    0.1352    0.0178    -0.0565
0.500    0.2102    0.0179    -0.0635
1.000    0.2881    0.0183    -0.0708
1.500    0.3641    0.0187    -0.0773
2.000    0.4381    0.0189    -0.0824
2.500    0.5071    0.0189    -0.0854
3.000    0.5723    0.0188    -0.0875
3.500    0.6364    0.0185    -0.0888
4.000    0.7005    0.0184    -0.0902
4.500    0.7657    0.0187    -0.0921
5.000    0.8298    0.0190    -0.0934
5.500    0.8919    0.0194    -0.0944
6.000    0.9541    0.0200    -0.0954
6.500    1.0133    0.0209    -0.0960
7.000    1.0695    0.0223    -0.0959
7.500    1.1248    0.0238    -0.0959
8.000    1.1771    0.0262    -0.0955
8.500    1.2254    0.0295    -0.0945
9.000    1.2698    0.0338    -0.0935
9.500    1.3152    0.0385    -0.0929
10.000    1.3498    0.0454    -0.0914
10.500    1.3813    0.0535    -0.0896
11.000    1.4060    0.0639    -0.0878
11.500    1.4297    0.0748    -0.0865
12.000    1.4534    0.0872    -0.0858
12.500    1.4741    0.1027    -0.0858
13.000    1.4928    0.1181    -0.0864
13.500    1.5175    0.1337    -0.0874
14.500    1.5658    0.1695    -0.0905
15.000    1.5925    0.1887    -0.0926
15.500    1.6093    0.2091    -0.0953
16.000    1.6270    0.2287    -0.0983
16.500    1.6438    0.2501    -0.1017
17.000    1.6586    0.2715    -0.1055
17.500    1.6763    0.2928    -0.1095
18.000    1.6961    0.3146    -0.1142
19.000    1.7277    0.3573    -0.1225
19.500    1.7434    0.3799    -0.1274
20.500    1.7740    0.4223    -0.1366
21.000    1.7859    0.4423    -0.1397
22.000    1.8056    0.4832    -0.1459
23.000    1.8224    0.5254    -0.1521
24.000    1.8362    0.5685    -0.1582
25.000    1.8470    0.6126    -0.1642
26.000    1.8559    0.6572    -0.1701
28.000    1.8687    0.7479    -0.1816
30.000    1.8786    0.8395    -0.1928
32.000    1.8895    0.9306    -0.2035
35.000    1.9033    1.0646    -0.2190
40.000    1.8776    1.2768    -0.2435
45.000    1.7957    1.4665    -0.2665
50.000    1.6675    1.6249    -0.2882
55.000    1.5017    1.7441    -0.3085
60.000    1.3054    1.8182    -0.3277
65.000    1.0913    1.8432    -0.3455
70.000    0.8683    1.8169    -0.3623
75.000    0.6492    1.7399    -0.3779
80.000    0.4430    1.6183    -0.3924
85.000    0.2634    1.4716    -0.4057
90.000    0.1223    1.3761    -0.4178
95.000    0.0020    1.3793    -0.4285
100.000    -0.1164    1.3678    -0.4378
105.000    -0.2319    1.3414    -0.4454
110.000    -0.3434    1.3006    -0.4512
115.000    -0.4470    1.2456    -0.4549
120.000    -0.5417    1.1772    -0.4561
125.000    -0.6246    1.0960    -0.4545
130.000    -0.6926    1.0034    -0.4493
135.000    -0.7439    0.9006    -0.4403
140.000    -0.7765    0.7896    -0.4265
145.000    -0.7864    0.6727    -0.4072
150.000    -0.7716    0.5525    -0.3811
155.000    -0.7291    0.4327    -0.3474
160.000    -0.6551    0.3172    -0.3044
170.000    -0.4045    0.1195    -0.1833
175.000    -0.2230    0.0759    -0.1008
180.000    0.0000    0.0661    0.0000
EOT 1
