AeroDyn airfoil file.  Compatible with AeroDyn v13.0.
This file was generated automatically by HARP_Opt.
This data represents a 78.6 percent thick airfoil, and was interpolated between the airfoil data in the files NREL5MW_1000.dat and NREL5MW_0400.dat.
  1           Number of airfoil tables in this file
 1.000         Table ID parameter (Reynolds number in millions)
 3.210         Stall angle (deg)
  0           Zero lift angle of attack (deg)
  0           Cn slope for zero lift (dimensionless)
  0           Cn at stall value for positive angle of attack
  0           Cn at stall value for negative angle of attack
  0           Angle of attack for minimum CD (deg)
  0           Minimum CD value
-180.000    0.0000    0.3431    0.0000
-175.000    0.0778    0.3466    0.0333
-170.000    0.1416    0.3611    0.0605
-160.000    0.2290    0.4303    0.1003
-155.000    0.2550    0.4707    0.1144
-150.000    0.2700    0.5127    0.1254
-145.000    0.2753    0.5547    0.1338
-140.000    0.2718    0.5958    0.1400
-135.000    0.2607    0.6347    0.1444
-130.000    0.2425    0.6708    0.1472
-125.000    0.2186    0.7033    0.1486
-120.000    0.1897    0.7318    0.1489
-115.000    0.1566    0.7559    0.1483
-110.000    0.1202    0.7752    0.1468
-105.000    0.0813    0.7895    0.1447
-100.000    0.0407    0.7988    0.1419
-95.000    -0.0007    0.8029    0.1386
-90.000    -0.0428    0.8017    0.1349
-85.000    -0.0842    0.7954    0.1306
-80.000    -0.1245    0.7840    0.1260
-75.000    -0.1626    0.7677    0.1211
-70.000    -0.1987    0.7467    0.1157
-65.000    -0.2308    0.7213    0.1100
-60.000    -0.2593    0.6917    0.1039
-55.000    -0.2825    0.6586    0.0975
-50.000    -0.3003    0.6223    0.0907
-45.000    -0.3117    0.5836    0.0835
-40.000    -0.3160    0.5433    0.0759
-35.000    -0.3121    0.5024    0.0680
-30.000    -0.2992    0.4619    0.0596
-25.000    -0.2771    0.4233    0.0507
-24.000    -0.2714    0.4159    0.0489
-23.000    -0.2654    0.4087    0.0471
-22.000    -0.2586    0.4016    0.0452
-21.000    -0.2518    0.3947    0.0433
-20.000    -0.2443    0.3880    0.0414
-19.000    -0.2361    0.3818    0.0391
-18.000    -0.2265    0.3763    0.0361
-17.000    -0.2158    0.3715    0.0323
-16.000    -0.2037    0.3674    0.0280
-15.000    -0.1905    0.3639    0.0230
-14.000    -0.1762    0.3609    0.0176
-13.000    -0.1612    0.3586    0.0118
-12.000    -0.1452    0.3568    0.0056
-11.000    -0.1284    0.3556    -0.0009
-10.000    -0.1109    0.3549    -0.0076
-8.000    -0.0742    0.3548    -0.0214
-6.000    -0.0396    0.3462    -0.0178
-5.500    -0.0321    0.3436    -0.0184
-5.000    -0.0257    0.3412    -0.0190
-4.500    -0.0232    0.3388    -0.0192
-4.000    -0.0193    0.3363    -0.0194
-3.500    -0.0061    0.3341    -0.0198
-3.000    0.0011    0.3323    -0.0199
-2.500    0.0050    0.3308    -0.0198
-2.000    0.0032    0.3287    -0.0190
-1.500    0.0014    0.3275    -0.0158
-1.000    0.0128    0.3269    -0.0167
-0.500    0.0260    0.3266    -0.0186
0.000    0.0489    0.3257    -0.0204
0.500    0.0760    0.3257    -0.0230
1.000    0.1041    0.3259    -0.0256
1.500    0.1316    0.3260    -0.0279
2.000    0.1584    0.3261    -0.0298
2.500    0.1833    0.3261    -0.0309
3.000    0.2069    0.3261    -0.0316
3.500    0.2300    0.3259    -0.0321
4.000    0.2532    0.3259    -0.0326
4.500    0.2768    0.3260    -0.0333
5.000    0.3000    0.3261    -0.0338
5.500    0.3224    0.3263    -0.0341
6.000    0.3449    0.3265    -0.0345
6.500    0.3663    0.3268    -0.0347
7.000    0.3866    0.3273    -0.0347
7.500    0.4066    0.3279    -0.0347
8.000    0.4255    0.3287    -0.0345
8.500    0.4430    0.3299    -0.0342
9.000    0.4590    0.3315    -0.0338
9.500    0.4754    0.3332    -0.0336
10.000    0.4879    0.3357    -0.0330
10.500    0.4993    0.3386    -0.0324
11.000    0.5082    0.3424    -0.0317
11.500    0.5168    0.3463    -0.0313
12.000    0.5254    0.3508    -0.0310
12.500    0.5329    0.3564    -0.0310
13.000    0.5396    0.3619    -0.0312
13.500    0.5486    0.3676    -0.0316
14.500    0.5660    0.3805    -0.0327
15.000    0.5757    0.3875    -0.0335
15.500    0.5817    0.3949    -0.0345
16.000    0.5881    0.4019    -0.0355
16.500    0.5942    0.4097    -0.0368
17.000    0.5996    0.4174    -0.0381
17.500    0.6060    0.4251    -0.0396
18.000    0.6131    0.4330    -0.0413
19.000    0.6245    0.4484    -0.0443
19.500    0.6302    0.4566    -0.0460
20.500    0.6413    0.4719    -0.0494
21.000    0.6456    0.4791    -0.0505
22.000    0.6527    0.4939    -0.0528
23.000    0.6588    0.5092    -0.0550
24.000    0.6638    0.5248    -0.0572
25.000    0.6677    0.5407    -0.0593
26.000    0.6709    0.5568    -0.0615
28.000    0.6755    0.5896    -0.0657
30.000    0.6791    0.6227    -0.0697
32.000    0.6830    0.6556    -0.0736
35.000    0.6880    0.7041    -0.0792
40.000    0.6787    0.7808    -0.0880
45.000    0.6491    0.8494    -0.0963
50.000    0.6028    0.9066    -0.1042
55.000    0.5428    0.9497    -0.1115
60.000    0.4719    0.9765    -0.1184
65.000    0.3945    0.9856    -0.1249
70.000    0.3139    0.9760    -0.1310
75.000    0.2347    0.9482    -0.1366
80.000    0.1601    0.9042    -0.1418
85.000    0.0952    0.8512    -0.1467
90.000    0.0442    0.8167    -0.1510
95.000    0.0007    0.8179    -0.1549
100.000    -0.0421    0.8137    -0.1583
105.000    -0.0838    0.8042    -0.1610
110.000    -0.1241    0.7894    -0.1631
115.000    -0.1616    0.7695    -0.1644
120.000    -0.1958    0.7448    -0.1649
125.000    -0.2258    0.7155    -0.1643
130.000    -0.2504    0.6820    -0.1624
135.000    -0.2689    0.6448    -0.1591
140.000    -0.2807    0.6047    -0.1542
145.000    -0.2843    0.5624    -0.1472
150.000    -0.2789    0.5190    -0.1378
155.000    -0.2636    0.4757    -0.1256
160.000    -0.2368    0.4339    -0.1100
170.000    -0.1462    0.3625    -0.0663
175.000    -0.0806    0.3467    -0.0365
180.000    0.0000    0.3431    0.0000
EOT 1
