AeroDyn airfoil file.  Compatible with AeroDyn v13.0.
This file was generated automatically by HARP_Opt.
This data represents a 32.7 percent thick airfoil, and was interpolated between the airfoil data in the files NREL5MW_0350.dat and NREL5MW_0300.dat.
  1           Number of airfoil tables in this file
 1.000         Table ID parameter (Reynolds number in millions)
10.350         Stall angle (deg)
  0           Zero lift angle of attack (deg)
  0           Cn slope for zero lift (dimensionless)
  0           Cn at stall value for positive angle of attack
  0           Cn at stall value for negative angle of attack
  0           Angle of attack for minimum CD (deg)
  0           Minimum CD value
-180.000    0.0000    0.0343    0.0000
-175.000    0.2465    0.0444    0.1140
-170.000    0.4703    0.1015    0.2197
-160.000    0.6704    0.2933    0.2783
-155.000    0.7482    0.4077    0.3169
-150.000    0.7955    0.5273    0.3470
-145.000    0.8139    0.6480    0.3697
-140.000    0.8077    0.7665    0.3864
-135.000    0.7786    0.8795    0.3978
-130.000    0.7301    0.9848    0.4049
-125.000    0.6635    1.0804    0.4084
-120.000    0.5825    1.1649    0.4087
-115.000    0.4891    1.2369    0.4062
-110.000    0.3862    1.2956    0.4017
-105.000    0.2757    1.3402    0.3951
-100.000    0.1588    1.3703    0.3869
-95.000    0.0394    1.3856    0.3773
-90.000    -0.0810    1.3859    0.3663
-85.000    -0.2008    1.3714    0.3542
-80.000    -0.3177    1.3423    0.3410
-75.000    -0.4295    1.2988    0.3269
-70.000    -0.5343    1.2415    0.3117
-65.000    -0.6306    1.1712    0.2956
-60.000    -0.7145    1.0888    0.2786
-55.000    -0.7848    0.9954    0.2607
-50.000    -0.8391    0.8927    0.2418
-45.000    -0.8759    0.7824    0.2220
-40.000    -0.8918    0.6667    0.2012
-35.000    -0.8841    0.5485    0.1793
-30.000    -0.8515    0.4308    0.1565
-25.000    -0.8061    0.3180    0.1317
-24.000    -0.8066    0.2969    0.1258
-23.000    -0.8113    0.2763    0.1196
-22.000    -0.8186    0.2564    0.1131
-21.000    -0.8285    0.2371    0.1064
-20.000    -0.8402    0.2184    0.0994
-19.000    -0.8532    0.2004    0.0921
-18.000    -0.8674    0.1831    0.0848
-17.000    -0.8821    0.1666    0.0771
-16.000    -0.8972    0.1509    0.0683
-15.000    -0.8991    0.1355    0.0581
-14.000    -0.8583    0.1190    0.0463
-13.000    -0.8087    0.1026    0.0321
-12.000    -0.7554    0.0869    0.0159
-11.000    -0.7037    0.0735    0.0010
-10.000    -0.6500    0.0619    -0.0129
-5.540    -0.4181    0.0181    -0.0783
-5.040    -0.3721    0.0166    -0.0797
-4.540    -0.3413    0.0148    -0.0810
-4.040    -0.3095    0.0136    -0.0823
-3.540    -0.2550    0.0128    -0.0837
-3.040    -0.1906    0.0119    -0.0851
-3.000    -0.1848    0.0171    -0.0757
-2.500    -0.1115    0.0142    -0.0797
-2.000    -0.0413    0.0127    -0.0830
-1.500    0.0288    0.0114    -0.0860
-1.000    0.0980    0.0104    -0.0888
-0.500    0.1661    0.0097    -0.0914
0.000    0.2383    0.0091    -0.0937
0.332    0.2832    0.0091    -0.0956
0.663    0.3283    0.0092    -0.0974
0.994    0.3736    0.0093    -0.0992
1.324    0.4183    0.0094    -0.1009
1.652    0.4624    0.0095    -0.1025
1.978    0.5065    0.0095    -0.1040
2.303    0.5503    0.0096    -0.1054
2.625    0.5932    0.0097    -0.1068
2.945    0.6353    0.0098    -0.1081
3.261    0.6774    0.0098    -0.1092
3.575    0.7192    0.0099    -0.1104
3.884    0.7598    0.0100    -0.1116
4.190    0.8000    0.0101    -0.1127
4.491    0.8398    0.0102    -0.1138
4.787    0.8786    0.0102    -0.1148
5.079    0.9166    0.0103    -0.1158
5.365    0.9540    0.0103    -0.1166
5.646    0.9903    0.0105    -0.1174
5.921    1.0256    0.0106    -0.1181
6.190    1.0598    0.0107    -0.1187
6.453    1.0933    0.0108    -0.1192
6.709    1.1261    0.0109    -0.1196
6.958    1.1575    0.0110    -0.1200
7.200    1.1877    0.0111    -0.1203
7.435    1.2160    0.0113    -0.1207
7.662    1.2431    0.0116    -0.1206
7.881    1.2675    0.0118    -0.1203
8.092    1.2908    0.0120    -0.1199
8.295    1.3136    0.0124    -0.1191
8.489    1.3355    0.0127    -0.1184
8.674    1.3557    0.0130    -0.1174
8.851    1.3738    0.0135    -0.1164
9.018    1.3909    0.0139    -0.1155
9.176    1.4062    0.0144    -0.1145
9.325    1.4199    0.0149    -0.1137
9.464    1.4325    0.0154    -0.1129
9.594    1.4441    0.0158    -0.1122
9.713    1.4549    0.0163    -0.1115
9.823    1.4647    0.0166    -0.1109
9.922    1.4735    0.0170    -0.1104
10.012    1.4807    0.0175    -0.1099
10.091    1.4872    0.0179    -0.1094
10.159    1.4927    0.0182    -0.1090
10.217    1.4975    0.0185    -0.1086
10.265    1.5014    0.0187    -0.1083
10.302    1.5044    0.0189    -0.1081
10.329    1.5065    0.0190    -0.1079
10.345    1.5078    0.0191    -0.1078
10.350    1.5083    0.0191    -0.1078
10.368    1.5095    0.0192    -0.1077
10.421    1.5130    0.0196    -0.1073
10.510    1.5190    0.0201    -0.1068
10.634    1.5273    0.0208    -0.1060
10.794    1.5380    0.0218    -0.1050
10.989    1.5510    0.0231    -0.1038
11.219    1.5664    0.0248    -0.1021
11.483    1.5826    0.0272    -0.1000
11.782    1.5989    0.0304    -0.0980
12.115    1.6135    0.0346    -0.0959
12.482    1.6263    0.0399    -0.0939
12.882    1.6312    0.0475    -0.0919
13.316    1.6331    0.0579    -0.0899
13.781    1.6244    0.0713    -0.0881
14.279    1.5766    0.0892    -0.0871
14.809    1.5336    0.1079    -0.0876
15.369    1.5002    0.1285    -0.0888
15.960    1.4821    0.1507    -0.0918
16.581    1.4629    0.1754    -0.0962
17.231    1.4515    0.2027    -0.1022
17.910    1.4452    0.2277    -0.1096
18.616    1.4503    0.2518    -0.1168
19.349    1.4635    0.2755    -0.1243
20.109    1.4806    0.2990    -0.1305
20.895    1.4940    0.3231    -0.1374
21.705    1.4997    0.3493    -0.1427
22.539    1.4919    0.3779    -0.1478
23.396    1.4810    0.4080    -0.1530
24.275    1.4694    0.4394    -0.1583
25.176    1.4571    0.4719    -0.1636
26.097    1.4445    0.5054    -0.1690
27.038    1.4326    0.5398    -0.1744
27.997    1.4212    0.5748    -0.1798
28.973    1.4129    0.6103    -0.1852
29.966    1.4056    0.6464    -0.1907
30.974    1.4038    0.6823    -0.1960
31.997    1.4029    0.7186    -0.2015
33.033    1.4069    0.7544    -0.2068
34.082    1.4114    0.7907    -0.2122
35.141    1.4149    0.8271    -0.2176
36.211    1.4127    0.8629    -0.2228
37.290    1.4103    0.8989    -0.2281
38.376    1.4079    0.9353    -0.2334
39.470    1.4056    0.9718    -0.2388
40.569    1.3987    1.0071    -0.2440
41.673    1.3876    1.0411    -0.2491
42.780    1.3765    1.0752    -0.2542
43.889    1.3653    1.1095    -0.2594
45.000    1.3542    1.1437    -0.2645
50.000    1.2702    1.2799    -0.2863
55.000    1.1570    1.3924    -0.3068
60.000    1.0211    1.4771    -0.3261
65.000    0.8687    1.5312    -0.3442
70.000    0.7072    1.5529    -0.3611
75.000    0.5419    1.5422    -0.3770
80.000    0.3804    1.5019    -0.3917
85.000    0.2296    1.4413    -0.4052
90.000    0.0969    1.3994    -0.4175
95.000    -0.0257    1.4002    -0.4285
100.000    -0.1462    1.3861    -0.4380
105.000    -0.2638    1.3569    -0.4460
110.000    -0.3763    1.3131    -0.4520
115.000    -0.4814    1.2550    -0.4559
120.000    -0.5764    1.1832    -0.4573
125.000    -0.6595    1.0988    -0.4559
130.000    -0.7270    1.0029    -0.4510
135.000    -0.7775    0.8970    -0.4422
140.000    -0.8081    0.7831    -0.4285
145.000    -0.8166    0.6637    -0.4092
150.000    -0.7986    0.5414    -0.3833
155.000    -0.7522    0.4200    -0.3495
160.000    -0.6752    0.3036    -0.3063
170.000    -0.4768    0.1069    -0.2276
175.000    -0.2497    0.0454    -0.1182
180.000    0.0000    0.0343    0.0000
EOT 1
