AeroDyn airfoil file.  Compatible with AeroDyn v13.0.
This file was generated automatically by HARP_Opt.
This data represents a 36.8 percent thick airfoil, and was interpolated between the airfoil data in the files NREL5MW_0400.dat and NREL5MW_0350.dat.
  1           Number of airfoil tables in this file
 1.000         Table ID parameter (Reynolds number in millions)
10.600         Stall angle (deg)
  0           Zero lift angle of attack (deg)
  0           Cn slope for zero lift (dimensionless)
  0           Cn at stall value for positive angle of attack
  0           Cn at stall value for negative angle of attack
  0           Angle of attack for minimum CD (deg)
  0           Minimum CD value
-180.000    0.0000    0.0477    0.0000
-175.000    0.2212    0.0576    0.0936
-170.000    0.4021    0.1074    0.1700
-160.000    0.6522    0.3005    0.2817
-155.000    0.7265    0.4142    0.3211
-150.000    0.7704    0.5325    0.3519
-145.000    0.7867    0.6515    0.3753
-140.000    0.7780    0.7677    0.3926
-135.000    0.7476    0.8782    0.4047
-130.000    0.6979    0.9808    0.4123
-125.000    0.6309    1.0736    0.4162
-120.000    0.5499    1.1551    0.4170
-115.000    0.4569    1.2242    0.4150
-110.000    0.3549    1.2800    0.4109
-105.000    0.2453    1.3218    0.4047
-100.000    0.1300    1.3493    0.3967
-95.000    0.0127    1.3620    0.3874
-90.000    -0.1059    1.3601    0.3767
-85.000    -0.2232    1.3435    0.3648
-80.000    -0.3375    1.3127    0.3517
-75.000    -0.4464    1.2677    0.3377
-70.000    -0.5487    1.2094    0.3226
-65.000    -0.6412    1.1384    0.3065
-60.000    -0.7225    1.0558    0.2895
-55.000    -0.7894    0.9626    0.2714
-50.000    -0.8407    0.8606    0.2523
-45.000    -0.8746    0.7515    0.2322
-40.000    -0.8879    0.6376    0.2110
-35.000    -0.8782    0.5215    0.1887
-30.000    -0.8435    0.4066    0.1651
-25.000    -0.7815    0.2965    0.1405
-24.000    -0.7655    0.2754    0.1354
-23.000    -0.7485    0.2548    0.1303
-22.000    -0.7301    0.2346    0.1252
-21.000    -0.7111    0.2149    0.1200
-20.000    -0.6901    0.1957    0.1147
-19.000    -0.6678    0.1773    0.1090
-18.000    -0.6433    0.1601    0.1025
-17.000    -0.6172    0.1441    0.0951
-16.000    -0.5902    0.1293    0.0857
-15.000    -0.5628    0.1159    0.0744
-14.000    -0.5356    0.1036    0.0614
-13.000    -0.5077    0.0928    0.0469
-12.000    -0.4787    0.0831    0.0310
-11.000    -0.4490    0.0747    0.0140
-10.000    -0.4192    0.0677    -0.0038
-8.000    -0.3548    0.0594    -0.0424
-6.000    -0.2926    0.0424    -0.0635
-5.500    -0.2775    0.0377    -0.0698
-5.000    -0.2557    0.0339    -0.0704
-4.500    -0.2535    0.0297    -0.0706
-4.000    -0.2442    0.0259    -0.0708
-3.500    -0.1995    0.0228    -0.0711
-3.000    -0.1525    0.0261    -0.0600
-2.500    -0.0993    0.0212    -0.0631
-2.000    -0.0550    0.0174    -0.0648
-1.500    -0.0107    0.0147    -0.0637
-1.000    0.0462    0.0128    -0.0667
-0.500    0.1037    0.0116    -0.0704
0.000    0.1748    0.0101    -0.0738
0.340    0.2234    0.0102    -0.0769
0.679    0.2724    0.0103    -0.0801
1.018    0.3219    0.0105    -0.0833
1.355    0.3706    0.0106    -0.0861
1.692    0.4186    0.0108    -0.0887
2.026    0.4659    0.0109    -0.0909
2.359    0.5128    0.0110    -0.0927
2.689    0.5581    0.0111    -0.0943
3.016    0.6022    0.0111    -0.0957
3.340    0.6453    0.0111    -0.0969
3.661    0.6884    0.0111    -0.0980
3.978    0.7304    0.0111    -0.0992
4.291    0.7717    0.0112    -0.1004
4.599    0.8122    0.0112    -0.1016
4.903    0.8522    0.0112    -0.1026
5.202    0.8917    0.0113    -0.1036
5.495    0.9301    0.0114    -0.1045
5.783    0.9671    0.0116    -0.1052
6.064    1.0029    0.0118    -0.1059
6.340    1.0375    0.0119    -0.1063
6.609    1.0714    0.0121    -0.1067
6.871    1.1047    0.0123    -0.1070
7.126    1.1363    0.0125    -0.1073
7.374    1.1666    0.0128    -0.1076
7.615    1.1947    0.0131    -0.1079
7.847    1.2213    0.0135    -0.1080
8.071    1.2447    0.0139    -0.1079
8.287    1.2673    0.0143    -0.1076
8.495    1.2899    0.0148    -0.1073
8.694    1.3115    0.0153    -0.1065
8.884    1.3319    0.0159    -0.1058
9.065    1.3510    0.0165    -0.1052
9.236    1.3689    0.0171    -0.1048
9.398    1.3850    0.0177    -0.1045
9.550    1.3997    0.0184    -0.1042
9.693    1.4134    0.0191    -0.1037
9.825    1.4260    0.0197    -0.1034
9.948    1.4376    0.0203    -0.1030
10.060    1.4481    0.0209    -0.1026
10.162    1.4572    0.0216    -0.1022
10.253    1.4647    0.0222    -0.1018
10.334    1.4713    0.0228    -0.1015
10.405    1.4771    0.0234    -0.1012
10.464    1.4820    0.0238    -0.1009
10.513    1.4860    0.0242    -0.1007
10.551    1.4891    0.0244    -0.1006
10.578    1.4913    0.0246    -0.1005
10.595    1.4926    0.0248    -0.1004
10.600    1.4931    0.0248    -0.1004
10.618    1.4944    0.0250    -0.1003
10.671    1.4984    0.0254    -0.1001
10.759    1.5051    0.0262    -0.0998
10.882    1.5144    0.0273    -0.0993
11.041    1.5263    0.0288    -0.0987
11.234    1.5396    0.0309    -0.0977
11.462    1.5550    0.0335    -0.0966
11.725    1.5714    0.0371    -0.0953
12.022    1.5877    0.0419    -0.0940
12.352    1.6021    0.0480    -0.0928
12.717    1.6147    0.0554    -0.0916
13.114    1.6190    0.0651    -0.0904
13.544    1.6216    0.0781    -0.0891
14.007    1.6202    0.0941    -0.0880
14.501    1.6172    0.1119    -0.0868
15.027    1.6134    0.1316    -0.0873
15.583    1.6048    0.1541    -0.0883
16.170    1.6020    0.1783    -0.0913
16.786    1.5935    0.2053    -0.0959
17.431    1.5884    0.2354    -0.1022
18.105    1.5922    0.2644    -0.1100
18.806    1.6030    0.2927    -0.1169
19.534    1.6208    0.3213    -0.1244
20.289    1.6336    0.3506    -0.1303
21.069    1.6418    0.3813    -0.1357
21.873    1.6481    0.4128    -0.1410
22.701    1.6517    0.4456    -0.1465
23.552    1.6542    0.4800    -0.1520
24.425    1.6557    0.5157    -0.1576
25.319    1.6560    0.5528    -0.1632
26.234    1.6556    0.5911    -0.1689
27.167    1.6548    0.6304    -0.1745
28.119    1.6544    0.6705    -0.1802
29.089    1.6550    0.7112    -0.1858
30.074    1.6563    0.7525    -0.1915
31.075    1.6608    0.7939    -0.1969
32.091    1.6655    0.8356    -0.2024
33.119    1.6708    0.8772    -0.2077
34.160    1.6762    0.9191    -0.2131
35.212    1.6796    0.9611    -0.2184
36.274    1.6760    1.0022    -0.2236
37.345    1.6721    1.0435    -0.2289
38.424    1.6683    1.0852    -0.2342
39.510    1.6644    1.1271    -0.2395
40.601    1.6547    1.1671    -0.2447
41.697    1.6403    1.2055    -0.2498
42.796    1.6258    1.2439    -0.2549
43.897    1.6112    1.2825    -0.2599
45.000    1.5966    1.3211    -0.2650
50.000    1.4890    1.4702    -0.2869
55.000    1.3473    1.5875    -0.3073
60.000    1.1784    1.6676    -0.3267
65.000    0.9921    1.7070    -0.3448
70.000    0.7968    1.7038    -0.3617
75.000    0.6017    1.6584    -0.3776
80.000    0.4151    1.5751    -0.3923
85.000    0.2478    1.4688    -0.4058
90.000    0.1093    1.3983    -0.4181
95.000    -0.0134    1.4002    -0.4291
100.000    -0.1340    1.3871    -0.4386
105.000    -0.2516    1.3590    -0.4465
110.000    -0.3646    1.3161    -0.4525
115.000    -0.4703    1.2590    -0.4564
120.000    -0.5656    1.1881    -0.4578
125.000    -0.6496    1.1044    -0.4564
130.000    -0.7180    1.0092    -0.4514
135.000    -0.7694    0.9038    -0.4426
140.000    -0.8011    0.7902    -0.4289
145.000    -0.8104    0.6708    -0.4096
150.000    -0.7935    0.5484    -0.3836
155.000    -0.7486    0.4266    -0.3497
160.000    -0.6723    0.3095    -0.3065
170.000    -0.4145    0.1106    -0.1848
175.000    -0.2279    0.0579    -0.1016
180.000    0.0000    0.0477    0.0000
EOT 1
