AeroDyn airfoil file.  Compatible with AeroDyn v13.0.
This file was generated automatically by HARP_Opt.
This data represents a 32.8 percent thick airfoil, and was interpolated between the airfoil data in the files NREL5MW_0350.dat and NREL5MW_0300.dat.
  1           Number of airfoil tables in this file
 1.000         Table ID parameter (Reynolds number in millions)
10.400         Stall angle (deg)
  0           Zero lift angle of attack (deg)
  0           Cn slope for zero lift (dimensionless)
  0           Cn at stall value for positive angle of attack
  0           Cn at stall value for negative angle of attack
  0           Angle of attack for minimum CD (deg)
  0           Minimum CD value
-180.000    0.0000    0.0345    0.0000
-175.000    0.2454    0.0447    0.1131
-170.000    0.4675    0.1017    0.2175
-160.000    0.6699    0.2935    0.2784
-155.000    0.7475    0.4079    0.3171
-150.000    0.7947    0.5275    0.3472
-145.000    0.8130    0.6481    0.3700
-140.000    0.8068    0.7665    0.3867
-135.000    0.7777    0.8795    0.3981
-130.000    0.7291    0.9847    0.4052
-125.000    0.6626    1.0802    0.4087
-120.000    0.5816    1.1646    0.4090
-115.000    0.4881    1.2365    0.4066
-110.000    0.3852    1.2951    0.4021
-105.000    0.2748    1.3396    0.3955
-100.000    0.1579    1.3697    0.3873
-95.000    0.0386    1.3849    0.3777
-90.000    -0.0817    1.3852    0.3667
-85.000    -0.2015    1.3706    0.3546
-80.000    -0.3182    1.3414    0.3414
-75.000    -0.4300    1.2978    0.3273
-70.000    -0.5348    1.2406    0.3121
-65.000    -0.6310    1.1702    0.2960
-60.000    -0.7147    1.0878    0.2791
-55.000    -0.7849    0.9944    0.2611
-50.000    -0.8391    0.8917    0.2422
-45.000    -0.8759    0.7815    0.2224
-40.000    -0.8916    0.6659    0.2015
-35.000    -0.8840    0.5477    0.1797
-30.000    -0.8513    0.4300    0.1568
-25.000    -0.8051    0.3174    0.1320
-24.000    -0.8050    0.2962    0.1262
-23.000    -0.8086    0.2757    0.1200
-22.000    -0.8148    0.2557    0.1136
-21.000    -0.8236    0.2364    0.1069
-20.000    -0.8338    0.2177    0.1000
-19.000    -0.8452    0.1996    0.0928
-18.000    -0.8579    0.1823    0.0856
-17.000    -0.8708    0.1657    0.0780
-16.000    -0.8844    0.1500    0.0692
-15.000    -0.8852    0.1346    0.0590
-14.000    -0.8452    0.1182    0.0473
-13.000    -0.7970    0.1019    0.0331
-12.000    -0.7451    0.0863    0.0169
-11.000    -0.6948    0.0731    0.0020
-10.000    -0.6426    0.0615    -0.0121
-5.540    -0.4166    0.0184    -0.0784
-5.040    -0.3715    0.0169    -0.0798
-4.540    -0.3422    0.0150    -0.0810
-4.040    -0.3115    0.0138    -0.0822
-3.540    -0.2573    0.0130    -0.0836
-3.040    -0.1930    0.0120    -0.0849
-3.000    -0.1872    0.0174    -0.0751
-2.500    -0.1137    0.0144    -0.0792
-2.000    -0.0435    0.0128    -0.0825
-1.500    0.0268    0.0115    -0.0855
-1.000    0.0960    0.0105    -0.0884
-0.500    0.1641    0.0097    -0.0909
0.000    0.2365    0.0091    -0.0933
0.333    0.2816    0.0092    -0.0952
0.666    0.3270    0.0092    -0.0970
0.999    0.3725    0.0093    -0.0988
1.330    0.4175    0.0094    -0.1005
1.660    0.4618    0.0095    -0.1021
1.988    0.5061    0.0096    -0.1036
2.314    0.5502    0.0097    -0.1051
2.638    0.5934    0.0097    -0.1064
2.959    0.6357    0.0098    -0.1077
3.277    0.6779    0.0098    -0.1089
3.592    0.7199    0.0099    -0.1101
3.903    0.7608    0.0100    -0.1113
4.210    0.8013    0.0101    -0.1124
4.512    0.8412    0.0102    -0.1135
4.810    0.8802    0.0103    -0.1145
5.103    0.9184    0.0103    -0.1155
5.391    0.9561    0.0104    -0.1164
5.674    0.9925    0.0105    -0.1171
5.950    1.0280    0.0106    -0.1179
6.220    1.0623    0.0107    -0.1184
6.484    1.0960    0.0108    -0.1189
6.742    1.1289    0.0109    -0.1193
6.992    1.1604    0.0110    -0.1197
7.235    1.1908    0.0112    -0.1201
7.471    1.2192    0.0114    -0.1204
7.699    1.2464    0.0116    -0.1202
7.919    1.2708    0.0119    -0.1200
8.131    1.2941    0.0121    -0.1195
8.335    1.3170    0.0124    -0.1188
8.530    1.3389    0.0127    -0.1180
8.716    1.3593    0.0131    -0.1170
8.893    1.3775    0.0135    -0.1160
9.062    1.3946    0.0140    -0.1150
9.221    1.4100    0.0145    -0.1141
9.370    1.4238    0.0150    -0.1133
9.510    1.4365    0.0155    -0.1125
9.640    1.4482    0.0159    -0.1118
9.760    1.4590    0.0163    -0.1112
9.870    1.4690    0.0167    -0.1106
9.970    1.4778    0.0171    -0.1101
10.060    1.4850    0.0176    -0.1095
10.139    1.4915    0.0180    -0.1090
10.208    1.4971    0.0183    -0.1086
10.267    1.5018    0.0186    -0.1083
10.315    1.5057    0.0189    -0.1080
10.352    1.5087    0.0190    -0.1077
10.379    1.5109    0.0192    -0.1076
10.395    1.5122    0.0193    -0.1075
10.400    1.5126    0.0193    -0.1074
10.418    1.5138    0.0194    -0.1073
10.471    1.5174    0.0197    -0.1070
10.560    1.5233    0.0203    -0.1064
10.684    1.5316    0.0210    -0.1057
10.844    1.5423    0.0220    -0.1047
11.038    1.5553    0.0233    -0.1035
11.267    1.5707    0.0251    -0.1017
11.532    1.5868    0.0274    -0.0998
11.830    1.6031    0.0308    -0.0978
12.163    1.6176    0.0350    -0.0957
12.529    1.6302    0.0403    -0.0937
12.929    1.6348    0.0481    -0.0917
13.361    1.6362    0.0586    -0.0897
13.826    1.6273    0.0721    -0.0879
14.324    1.5810    0.0901    -0.0869
14.852    1.5390    0.1089    -0.0875
15.412    1.5059    0.1296    -0.0887
16.002    1.4874    0.1519    -0.0918
16.622    1.4677    0.1767    -0.0962
17.271    1.4558    0.2042    -0.1023
17.949    1.4493    0.2293    -0.1098
18.654    1.4547    0.2534    -0.1169
19.386    1.4679    0.2772    -0.1245
20.145    1.4845    0.3009    -0.1306
20.929    1.4972    0.3252    -0.1375
21.738    1.5022    0.3515    -0.1426
22.571    1.4946    0.3802    -0.1478
23.427    1.4839    0.4104    -0.1530
24.305    1.4727    0.4419    -0.1582
25.205    1.4606    0.4745    -0.1636
26.124    1.4483    0.5081    -0.1690
27.064    1.4367    0.5426    -0.1744
28.021    1.4256    0.5777    -0.1798
28.996    1.4176    0.6133    -0.1852
29.988    1.4105    0.6494    -0.1907
30.994    1.4091    0.6854    -0.1960
32.016    1.4085    0.7217    -0.2015
33.050    1.4125    0.7577    -0.2068
34.097    1.4171    0.7940    -0.2121
35.155    1.4205    0.8304    -0.2175
36.224    1.4182    0.8663    -0.2228
37.301    1.4158    0.9024    -0.2281
38.386    1.4134    0.9388    -0.2334
39.478    1.4110    0.9754    -0.2388
40.575    1.4040    1.0107    -0.2440
41.678    1.3928    1.0448    -0.2491
42.783    1.3817    1.0790    -0.2542
43.891    1.3705    1.1133    -0.2593
45.000    1.3592    1.1476    -0.2644
50.000    1.2748    1.2840    -0.2862
55.000    1.1610    1.3966    -0.3067
60.000    1.0244    1.4812    -0.3260
65.000    0.8712    1.5351    -0.3441
70.000    0.7091    1.5562    -0.3610
75.000    0.5432    1.5449    -0.3769
80.000    0.3810    1.5036    -0.3916
85.000    0.2300    1.4421    -0.4051
90.000    0.0970    1.3996    -0.4174
95.000    -0.0255    1.4005    -0.4284
100.000    -0.1461    1.3863    -0.4379
105.000    -0.2636    1.3572    -0.4459
110.000    -0.3762    1.3133    -0.4519
115.000    -0.4813    1.2552    -0.4558
120.000    -0.5763    1.1835    -0.4572
125.000    -0.6594    1.0990    -0.4558
130.000    -0.7270    1.0031    -0.4510
135.000    -0.7776    0.8973    -0.4421
140.000    -0.8081    0.7834    -0.4285
145.000    -0.8167    0.6639    -0.4092
150.000    -0.7987    0.5416    -0.3833
155.000    -0.7522    0.4201    -0.3495
160.000    -0.6752    0.3037    -0.3063
170.000    -0.4742    0.1070    -0.2257
175.000    -0.2488    0.0456    -0.1174
180.000    0.0000    0.0345    0.0000
EOT 1
