AeroDyn airfoil file.  Compatible with AeroDyn v13.0.
This file was generated automatically by HARP_Opt.
This data represents a 43.5 percent thick airfoil, and was interpolated between the airfoil data in the files NREL5MW_1000.dat and NREL5MW_0400.dat.
  1           Number of airfoil tables in this file
 1.000         Table ID parameter (Reynolds number in millions)
 8.475         Stall angle (deg)
  0           Zero lift angle of attack (deg)
  0           Cn slope for zero lift (dimensionless)
  0           Cn at stall value for positive angle of attack
  0           Cn at stall value for negative angle of attack
  0           Angle of attack for minimum CD (deg)
  0           Minimum CD value
-180.000    0.0000    0.0859    0.0000
-175.000    0.2053    0.0950    0.0880
-170.000    0.3738    0.1334    0.1598
-160.000    0.6046    0.3159    0.2649
-155.000    0.6733    0.4227    0.3021
-150.000    0.7128    0.5334    0.3311
-145.000    0.7270    0.6445    0.3533
-140.000    0.7176    0.7528    0.3697
-135.000    0.6884    0.8557    0.3812
-130.000    0.6403    0.9509    0.3885
-125.000    0.5772    1.0368    0.3923
-120.000    0.5010    1.1120    0.3932
-115.000    0.4134    1.1756    0.3915
-110.000    0.3173    1.2266    0.3877
-105.000    0.2147    1.2644    0.3820
-100.000    0.1074    1.2889    0.3747
-95.000    -0.0019    1.2997    0.3660
-90.000    -0.1130    1.2967    0.3560
-85.000    -0.2222    1.2800    0.3449
-80.000    -0.3286    1.2499    0.3328
-75.000    -0.4294    1.2069    0.3196
-70.000    -0.5245    1.1514    0.3055
-65.000    -0.6093    1.0842    0.2904
-60.000    -0.6846    1.0062    0.2744
-55.000    -0.7458    0.9187    0.2574
-50.000    -0.7929    0.8229    0.2395
-45.000    -0.8230    0.7208    0.2205
-40.000    -0.8343    0.6144    0.2005
-35.000    -0.8240    0.5063    0.1795
-30.000    -0.7901    0.3994    0.1573
-25.000    -0.7317    0.2974    0.1339
-24.000    -0.7166    0.2780    0.1291
-23.000    -0.7006    0.2589    0.1243
-22.000    -0.6827    0.2403    0.1194
-21.000    -0.6648    0.2221    0.1144
-20.000    -0.6450    0.2044    0.1094
-19.000    -0.6234    0.1880    0.1033
-18.000    -0.5980    0.1735    0.0953
-17.000    -0.5697    0.1608    0.0854
-16.000    -0.5377    0.1498    0.0738
-15.000    -0.5029    0.1406    0.0608
-14.000    -0.4652    0.1328    0.0465
-13.000    -0.4256    0.1267    0.0311
-12.000    -0.3833    0.1220    0.0147
-11.000    -0.3390    0.1187    -0.0024
-10.000    -0.2929    0.1168    -0.0201
-8.000    -0.1959    0.1167    -0.0565
-6.000    -0.1045    0.0940    -0.0471
-5.500    -0.0847    0.0870    -0.0486
-5.000    -0.0678    0.0807    -0.0501
-4.500    -0.0612    0.0744    -0.0507
-4.000    -0.0508    0.0679    -0.0512
-3.500    -0.0160    0.0620    -0.0522
-3.000    0.0028    0.0573    -0.0525
-2.500    0.0132    0.0532    -0.0523
-2.000    0.0085    0.0478    -0.0503
-1.500    0.0038    0.0446    -0.0416
-1.000    0.0339    0.0430    -0.0442
-0.500    0.0687    0.0421    -0.0492
0.000    0.1290    0.0398    -0.0540
0.500    0.2006    0.0399    -0.0606
1.000    0.2750    0.0403    -0.0676
1.500    0.3475    0.0407    -0.0737
2.000    0.4181    0.0408    -0.0786
2.500    0.4840    0.0408    -0.0815
3.000    0.5462    0.0407    -0.0835
3.500    0.6074    0.0405    -0.0847
4.000    0.6686    0.0404    -0.0861
4.500    0.7307    0.0407    -0.0879
5.000    0.7919    0.0409    -0.0892
5.500    0.8513    0.0413    -0.0901
6.000    0.9106    0.0419    -0.0911
6.500    0.9671    0.0427    -0.0916
7.000    1.0208    0.0440    -0.0915
7.500    1.0735    0.0456    -0.0915
8.000    1.1234    0.0478    -0.0912
8.500    1.1695    0.0509    -0.0902
9.000    1.2119    0.0551    -0.0893
9.500    1.2552    0.0596    -0.0887
10.000    1.2882    0.0662    -0.0872
10.500    1.3183    0.0739    -0.0855
11.000    1.3419    0.0838    -0.0838
11.500    1.3645    0.0942    -0.0826
12.000    1.3871    0.1060    -0.0819
12.500    1.4068    0.1208    -0.0819
13.000    1.4247    0.1355    -0.0825
13.500    1.4483    0.1505    -0.0834
14.500    1.4944    0.1845    -0.0864
15.000    1.5199    0.2029    -0.0884
15.500    1.5359    0.2224    -0.0910
16.000    1.5528    0.2410    -0.0938
16.500    1.5688    0.2615    -0.0971
17.000    1.5829    0.2819    -0.1007
17.500    1.5999    0.3022    -0.1045
18.000    1.6187    0.3231    -0.1090
19.000    1.6489    0.3638    -0.1170
19.500    1.6639    0.3854    -0.1216
20.500    1.6931    0.4258    -0.1303
21.000    1.7044    0.4449    -0.1333
22.000    1.7232    0.4840    -0.1393
23.000    1.7393    0.5242    -0.1452
24.000    1.7524    0.5654    -0.1509
25.000    1.7628    0.6074    -0.1567
26.000    1.7713    0.6500    -0.1623
28.000    1.7835    0.7366    -0.1734
30.000    1.7929    0.8240    -0.1840
32.000    1.8033    0.9109    -0.1943
35.000    1.8165    1.0388    -0.2090
40.000    1.7920    1.2414    -0.2324
45.000    1.7138    1.4225    -0.2543
50.000    1.5914    1.5736    -0.2751
55.000    1.4332    1.6873    -0.2945
60.000    1.2458    1.7581    -0.3127
65.000    1.0415    1.7820    -0.3298
70.000    0.8287    1.7568    -0.3458
75.000    0.6196    1.6834    -0.3607
80.000    0.4228    1.5673    -0.3745
85.000    0.2514    1.4273    -0.3872
90.000    0.1168    1.3361    -0.3987
95.000    0.0019    1.3392    -0.4090
100.000    -0.1111    1.3282    -0.4178
105.000    -0.2213    1.3031    -0.4251
110.000    -0.3277    1.2641    -0.4306
115.000    -0.4266    1.2116    -0.4341
120.000    -0.5170    1.1464    -0.4353
125.000    -0.5961    1.0689    -0.4337
130.000    -0.6610    0.9804    -0.4288
135.000    -0.7100    0.8823    -0.4202
140.000    -0.7411    0.7764    -0.4071
145.000    -0.7505    0.6648    -0.3886
150.000    -0.7364    0.5501    -0.3638
155.000    -0.6959    0.4358    -0.3316
160.000    -0.6253    0.3255    -0.2905
170.000    -0.3861    0.1369    -0.1750
175.000    -0.2128    0.0953    -0.0962
180.000    0.0000    0.0859    0.0000
EOT 1
