AeroDyn airfoil file.  Compatible with AeroDyn v13.0.
This file was generated automatically by HARP_Opt.
This data represents a 88.2 percent thick airfoil, and was interpolated between the airfoil data in the files NREL5MW_1000.dat and NREL5MW_0400.dat.
  1           Number of airfoil tables in this file
 1.000         Table ID parameter (Reynolds number in millions)
 1.770         Stall angle (deg)
  0           Zero lift angle of attack (deg)
  0           Cn slope for zero lift (dimensionless)
  0           Cn at stall value for positive angle of attack
  0           Cn at stall value for negative angle of attack
  0           Angle of attack for minimum CD (deg)
  0           Minimum CD value
-180.000    0.0000    0.4135    0.0000
-175.000    0.0429    0.4154    0.0184
-170.000    0.0781    0.4234    0.0334
-160.000    0.1263    0.4616    0.0553
-155.000    0.1406    0.4839    0.0631
-150.000    0.1489    0.5070    0.0691
-145.000    0.1518    0.5302    0.0738
-140.000    0.1499    0.5528    0.0772
-135.000    0.1438    0.5743    0.0796
-130.000    0.1337    0.5942    0.0811
-125.000    0.1206    0.6121    0.0819
-120.000    0.1046    0.6278    0.0821
-115.000    0.0863    0.6411    0.0818
-110.000    0.0663    0.6517    0.0810
-105.000    0.0448    0.6597    0.0798
-100.000    0.0224    0.6648    0.0783
-95.000    -0.0004    0.6670    0.0764
-90.000    -0.0236    0.6664    0.0744
-85.000    -0.0464    0.6629    0.0720
-80.000    -0.0686    0.6566    0.0695
-75.000    -0.0897    0.6476    0.0667
-70.000    -0.1095    0.6361    0.0638
-65.000    -0.1272    0.6220    0.0607
-60.000    -0.1430    0.6057    0.0573
-55.000    -0.1558    0.5874    0.0537
-50.000    -0.1656    0.5674    0.0500
-45.000    -0.1719    0.5461    0.0461
-40.000    -0.1742    0.5239    0.0419
-35.000    -0.1721    0.5013    0.0375
-30.000    -0.1650    0.4790    0.0328
-25.000    -0.1528    0.4577    0.0280
-24.000    -0.1497    0.4536    0.0270
-23.000    -0.1463    0.4497    0.0260
-22.000    -0.1426    0.4458    0.0249
-21.000    -0.1388    0.4420    0.0239
-20.000    -0.1347    0.4383    0.0229
-19.000    -0.1302    0.4348    0.0216
-18.000    -0.1249    0.4318    0.0199
-17.000    -0.1190    0.4292    0.0178
-16.000    -0.1123    0.4269    0.0154
-15.000    -0.1050    0.4249    0.0127
-14.000    -0.0972    0.4233    0.0097
-13.000    -0.0889    0.4220    0.0065
-12.000    -0.0800    0.4211    0.0031
-11.000    -0.0708    0.4204    -0.0005
-10.000    -0.0612    0.4200    -0.0042
-8.000    -0.0409    0.4200    -0.0118
-6.000    -0.0218    0.4152    -0.0098
-5.500    -0.0177    0.4137    -0.0101
-5.000    -0.0142    0.4124    -0.0105
-4.500    -0.0128    0.4111    -0.0106
-4.000    -0.0106    0.4097    -0.0107
-3.500    -0.0033    0.4085    -0.0109
-3.000    0.0006    0.4075    -0.0110
-2.500    0.0028    0.4067    -0.0109
-2.000    0.0018    0.4056    -0.0105
-1.500    0.0008    0.4049    -0.0087
-1.000    0.0071    0.4046    -0.0092
-0.500    0.0144    0.4044    -0.0103
0.000    0.0269    0.4039    -0.0113
0.500    0.0419    0.4039    -0.0127
1.000    0.0574    0.4040    -0.0141
1.500    0.0726    0.4041    -0.0154
2.000    0.0873    0.4041    -0.0164
2.500    0.1011    0.4041    -0.0170
3.000    0.1141    0.4041    -0.0174
3.500    0.1268    0.4040    -0.0177
4.000    0.1396    0.4040    -0.0180
4.500    0.1526    0.4041    -0.0183
5.000    0.1654    0.4041    -0.0186
5.500    0.1778    0.4042    -0.0188
6.000    0.1902    0.4043    -0.0190
6.500    0.2020    0.4045    -0.0191
7.000    0.2132    0.4048    -0.0191
7.500    0.2242    0.4051    -0.0191
8.000    0.2346    0.4056    -0.0190
8.500    0.2443    0.4062    -0.0188
9.000    0.2531    0.4071    -0.0186
9.500    0.2622    0.4080    -0.0185
10.000    0.2690    0.4094    -0.0182
10.500    0.2753    0.4110    -0.0179
11.000    0.2802    0.4131    -0.0175
11.500    0.2850    0.4153    -0.0172
12.000    0.2897    0.4177    -0.0171
12.500    0.2938    0.4208    -0.0171
13.000    0.2976    0.4239    -0.0172
13.500    0.3025    0.4270    -0.0174
14.500    0.3121    0.4341    -0.0180
15.000    0.3174    0.4380    -0.0185
15.500    0.3208    0.4420    -0.0190
16.000    0.3243    0.4459    -0.0196
16.500    0.3276    0.4502    -0.0203
17.000    0.3306    0.4545    -0.0210
17.500    0.3341    0.4587    -0.0218
18.000    0.3381    0.4630    -0.0228
19.000    0.3444    0.4716    -0.0244
19.500    0.3475    0.4761    -0.0254
20.500    0.3536    0.4845    -0.0272
21.000    0.3560    0.4885    -0.0278
22.000    0.3599    0.4967    -0.0291
23.000    0.3632    0.5051    -0.0303
24.000    0.3660    0.5136    -0.0315
25.000    0.3682    0.5224    -0.0327
26.000    0.3699    0.5313    -0.0339
28.000    0.3725    0.5494    -0.0362
30.000    0.3745    0.5677    -0.0384
32.000    0.3766    0.5858    -0.0406
35.000    0.3794    0.6125    -0.0437
40.000    0.3743    0.6548    -0.0485
45.000    0.3579    0.6927    -0.0531
50.000    0.3324    0.7242    -0.0574
55.000    0.2993    0.7480    -0.0615
60.000    0.2602    0.7627    -0.0653
65.000    0.2175    0.7677    -0.0689
70.000    0.1731    0.7625    -0.0722
75.000    0.1294    0.7472    -0.0753
80.000    0.0883    0.7229    -0.0782
85.000    0.0525    0.6937    -0.0809
90.000    0.0244    0.6746    -0.0833
95.000    0.0004    0.6753    -0.0854
100.000    -0.0232    0.6730    -0.0873
105.000    -0.0462    0.6677    -0.0888
110.000    -0.0684    0.6596    -0.0899
115.000    -0.0891    0.6486    -0.0907
120.000    -0.1080    0.6350    -0.0909
125.000    -0.1245    0.6188    -0.0906
130.000    -0.1381    0.6003    -0.0896
135.000    -0.1483    0.5798    -0.0878
140.000    -0.1548    0.5577    -0.0850
145.000    -0.1567    0.5344    -0.0812
150.000    -0.1538    0.5105    -0.0760
155.000    -0.1453    0.4866    -0.0692
160.000    -0.1306    0.4636    -0.0607
170.000    -0.0806    0.4242    -0.0365
175.000    -0.0444    0.4155    -0.0201
180.000    0.0000    0.4135    0.0000
EOT 1
