AeroDyn airfoil file.  Compatible with AeroDyn v13.0.
This file was generated automatically by HARP_Opt.
This data represents a 48.2 percent thick airfoil, and was interpolated between the airfoil data in the files NREL5MW_1000.dat and NREL5MW_0400.dat.
  1           Number of airfoil tables in this file
 1.000         Table ID parameter (Reynolds number in millions)
 7.770         Stall angle (deg)
  0           Zero lift angle of attack (deg)
  0           Cn slope for zero lift (dimensionless)
  0           Cn at stall value for positive angle of attack
  0           Cn at stall value for negative angle of attack
  0           Angle of attack for minimum CD (deg)
  0           Minimum CD value
-180.000    0.0000    0.1203    0.0000
-175.000    0.1882    0.1287    0.0806
-170.000    0.3427    0.1639    0.1465
-160.000    0.5543    0.3312    0.2429
-155.000    0.6173    0.4291    0.2770
-150.000    0.6535    0.5306    0.3035
-145.000    0.6665    0.6325    0.3239
-140.000    0.6579    0.7318    0.3389
-135.000    0.6311    0.8261    0.3495
-130.000    0.5871    0.9134    0.3562
-125.000    0.5292    0.9921    0.3597
-120.000    0.4593    1.0611    0.3605
-115.000    0.3790    1.1194    0.3590
-110.000    0.2909    1.1661    0.3554
-105.000    0.1968    1.2009    0.3503
-100.000    0.0984    1.2233    0.3435
-95.000    -0.0017    1.2331    0.3356
-90.000    -0.1036    1.2304    0.3264
-85.000    -0.2037    1.2151    0.3162
-80.000    -0.3013    1.1876    0.3051
-75.000    -0.3937    1.1481    0.2930
-70.000    -0.4809    1.0973    0.2801
-65.000    -0.5586    1.0356    0.2663
-60.000    -0.6276    0.9641    0.2516
-55.000    -0.6838    0.8838    0.2359
-50.000    -0.7269    0.7960    0.2195
-45.000    -0.7546    0.7025    0.2022
-40.000    -0.7649    0.6049    0.1838
-35.000    -0.7554    0.5058    0.1646
-30.000    -0.7243    0.4078    0.1442
-25.000    -0.6708    0.3143    0.1228
-24.000    -0.6570    0.2964    0.1184
-23.000    -0.6423    0.2790    0.1140
-22.000    -0.6259    0.2619    0.1095
-21.000    -0.6095    0.2452    0.1049
-20.000    -0.5914    0.2290    0.1003
-19.000    -0.5715    0.2140    0.0947
-18.000    -0.5482    0.2007    0.0874
-17.000    -0.5223    0.1890    0.0783
-16.000    -0.4930    0.1789    0.0677
-15.000    -0.4610    0.1705    0.0558
-14.000    -0.4265    0.1634    0.0426
-13.000    -0.3902    0.1578    0.0285
-12.000    -0.3514    0.1535    0.0135
-11.000    -0.3108    0.1504    -0.0022
-10.000    -0.2685    0.1487    -0.0184
-8.000    -0.1796    0.1486    -0.0518
-6.000    -0.0958    0.1278    -0.0432
-5.500    -0.0777    0.1213    -0.0445
-5.000    -0.0622    0.1156    -0.0459
-4.500    -0.0561    0.1098    -0.0464
-4.000    -0.0466    0.1038    -0.0470
-3.500    -0.0147    0.0985    -0.0478
-3.000    0.0026    0.0941    -0.0482
-2.500    0.0121    0.0903    -0.0479
-2.000    0.0078    0.0854    -0.0461
-1.500    0.0035    0.0825    -0.0382
-1.000    0.0311    0.0810    -0.0405
-0.500    0.0630    0.0802    -0.0451
0.000    0.1183    0.0781    -0.0495
0.500    0.1839    0.0782    -0.0556
1.000    0.2521    0.0785    -0.0620
1.500    0.3186    0.0789    -0.0676
2.000    0.3833    0.0790    -0.0721
2.500    0.4438    0.0790    -0.0748
3.000    0.5007    0.0790    -0.0766
3.500    0.5568    0.0787    -0.0777
4.000    0.6130    0.0786    -0.0789
4.500    0.6699    0.0789    -0.0805
5.000    0.7261    0.0791    -0.0818
5.500    0.7805    0.0795    -0.0826
6.000    0.8348    0.0800    -0.0835
6.500    0.8866    0.0808    -0.0840
7.000    0.9359    0.0820    -0.0839
7.500    0.9842    0.0834    -0.0839
8.000    1.0300    0.0854    -0.0836
8.500    1.0723    0.0883    -0.0827
9.000    1.1111    0.0921    -0.0818
9.500    1.1508    0.0962    -0.0813
10.000    1.1810    0.1023    -0.0799
10.500    1.2087    0.1093    -0.0784
11.000    1.2303    0.1184    -0.0768
11.500    1.2510    0.1280    -0.0757
12.000    1.2717    0.1388    -0.0751
12.500    1.2898    0.1523    -0.0751
13.000    1.3062    0.1658    -0.0756
13.500    1.3278    0.1795    -0.0765
14.500    1.3701    0.2108    -0.0792
15.000    1.3934    0.2276    -0.0811
15.500    1.4081    0.2455    -0.0834
16.000    1.4236    0.2626    -0.0860
16.500    1.4383    0.2813    -0.0890
17.000    1.4513    0.3001    -0.0923
17.500    1.4668    0.3187    -0.0958
18.000    1.4841    0.3378    -0.0999
19.000    1.5117    0.3752    -0.1072
19.500    1.5255    0.3949    -0.1115
20.500    1.5523    0.4320    -0.1195
21.000    1.5626    0.4495    -0.1222
22.000    1.5799    0.4853    -0.1277
23.000    1.5946    0.5222    -0.1331
24.000    1.6067    0.5599    -0.1384
25.000    1.6162    0.5985    -0.1437
26.000    1.6239    0.6375    -0.1488
28.000    1.6352    0.7170    -0.1589
30.000    1.6438    0.7971    -0.1687
32.000    1.6533    0.8768    -0.1781
35.000    1.6654    0.9940    -0.1917
40.000    1.6429    1.1797    -0.2131
45.000    1.5713    1.3457    -0.2332
50.000    1.4590    1.4843    -0.2522
55.000    1.3140    1.5886    -0.2700
60.000    1.1422    1.6534    -0.2867
65.000    0.9548    1.6753    -0.3023
70.000    0.7597    1.6523    -0.3170
75.000    0.5681    1.5850    -0.3307
80.000    0.3876    1.4785    -0.3433
85.000    0.2305    1.3501    -0.3550
90.000    0.1071    1.2666    -0.3655
95.000    0.0017    1.2694    -0.3749
100.000    -0.1019    1.2593    -0.3831
105.000    -0.2029    1.2363    -0.3897
110.000    -0.3004    1.2005    -0.3948
115.000    -0.3911    1.1524    -0.3980
120.000    -0.4740    1.0926    -0.3991
125.000    -0.5465    1.0215    -0.3977
130.000    -0.6061    0.9405    -0.3932
135.000    -0.6510    0.8505    -0.3852
140.000    -0.6794    0.7534    -0.3732
145.000    -0.6881    0.6511    -0.3563
150.000    -0.6751    0.5459    -0.3335
155.000    -0.6380    0.4411    -0.3040
160.000    -0.5733    0.3400    -0.2663
170.000    -0.3540    0.1671    -0.1604
175.000    -0.1951    0.1289    -0.0882
180.000    0.0000    0.1203    0.0000
EOT 1
