AeroDyn airfoil file.  Compatible with AeroDyn v13.0.
This file was generated automatically by HARP_Opt.
This data represents a 39 percent thick airfoil, and was interpolated between the airfoil data in the files NREL5MW_0400.dat and NREL5MW_0350.dat.
  1           Number of airfoil tables in this file
 1.000         Table ID parameter (Reynolds number in millions)
 9.500         Stall angle (deg)
  0           Zero lift angle of attack (deg)
  0           Cn slope for zero lift (dimensionless)
  0           Cn at stall value for positive angle of attack
  0           Cn at stall value for negative angle of attack
  0           Angle of attack for minimum CD (deg)
  0           Minimum CD value
-180.000    0.0000    0.0563    0.0000
-175.000    0.2190    0.0661    0.0935
-170.000    0.3986    0.1097    0.1698
-160.000    0.6452    0.3032    0.2814
-155.000    0.7186    0.4167    0.3209
-150.000    0.7612    0.5346    0.3517
-145.000    0.7766    0.6529    0.3752
-140.000    0.7670    0.7682    0.3926
-135.000    0.7362    0.8779    0.4048
-130.000    0.6856    0.9794    0.4125
-125.000    0.6186    1.0711    0.4165
-120.000    0.5376    1.1515    0.4174
-115.000    0.4446    1.2195    0.4156
-110.000    0.3426    1.2742    0.4114
-105.000    0.2334    1.3149    0.4054
-100.000    0.1190    1.3414    0.3975
-95.000    0.0026    1.3532    0.3883
-90.000    -0.1156    1.3504    0.3777
-85.000    -0.2320    1.3331    0.3658
-80.000    -0.3454    1.3015    0.3529
-75.000    -0.4530    1.2560    0.3389
-70.000    -0.5544    1.1973    0.3238
-65.000    -0.6452    1.1260    0.3078
-60.000    -0.7256    1.0433    0.2908
-55.000    -0.7912    0.9502    0.2727
-50.000    -0.8416    0.8484    0.2537
-45.000    -0.8742    0.7398    0.2336
-40.000    -0.8866    0.6265    0.2123
-35.000    -0.8760    0.5113    0.1900
-30.000    -0.8404    0.3974    0.1664
-25.000    -0.7784    0.2885    0.1417
-24.000    -0.7624    0.2677    0.1366
-23.000    -0.7454    0.2474    0.1315
-22.000    -0.7266    0.2274    0.1263
-21.000    -0.7076    0.2080    0.1210
-20.000    -0.6866    0.1891    0.1157
-19.000    -0.6638    0.1714    0.1095
-18.000    -0.6376    0.1554    0.1016
-17.000    -0.6088    0.1411    0.0921
-16.000    -0.5770    0.1285    0.0807
-15.000    -0.5430    0.1175    0.0677
-14.000    -0.5070    0.1081    0.0532
-13.000    -0.4694    0.1002    0.0373
-12.000    -0.4294    0.0938    0.0204
-11.000    -0.3878    0.0887    0.0026
-10.000    -0.3448    0.0852    -0.0158
-8.000    -0.2539    0.0825    -0.0545
-6.000    -0.1678    0.0606    -0.0542
-5.500    -0.1486    0.0540    -0.0573
-5.000    -0.1294    0.0482    -0.0586
-4.500    -0.1239    0.0423    -0.0590
-4.000    -0.1134    0.0363    -0.0595
-3.500    -0.0740    0.0311    -0.0603
-3.000    -0.0456    0.0287    -0.0571
-2.500    -0.0214    0.0242    -0.0579
-2.000    -0.0110    0.0190    -0.0570
-1.500    -0.0006    0.0159    -0.0503
-1.000    0.0392    0.0141    -0.0531
-0.500    0.0826    0.0130    -0.0579
0.000    0.1488    0.0109    -0.0625
0.304    0.1942    0.0110    -0.0663
0.609    0.2401    0.0111    -0.0702
0.912    0.2869    0.0113    -0.0742
1.215    0.3330    0.0115    -0.0778
1.516    0.3783    0.0117    -0.0813
1.816    0.4227    0.0119    -0.0841
2.114    0.4665    0.0120    -0.0865
2.410    0.5077    0.0120    -0.0882
2.703    0.5479    0.0120    -0.0896
2.994    0.5864    0.0120    -0.0909
3.281    0.6243    0.0119    -0.0917
3.565    0.6615    0.0118    -0.0925
3.845    0.6981    0.0117    -0.0934
4.122    0.7342    0.0117    -0.0943
4.394    0.7700    0.0118    -0.0954
4.662    0.8053    0.0119    -0.0963
4.925    0.8397    0.0120    -0.0971
5.183    0.8730    0.0122    -0.0977
5.435    0.9051    0.0124    -0.0983
5.682    0.9361    0.0125    -0.0988
5.923    0.9664    0.0127    -0.0994
6.158    0.9960    0.0130    -0.0997
6.387    1.0244    0.0133    -0.1001
6.609    1.0512    0.0136    -0.1002
6.824    1.0768    0.0140    -0.1003
7.033    1.1007    0.0145    -0.1003
7.234    1.1229    0.0150    -0.1004
7.427    1.1443    0.0155    -0.1005
7.613    1.1649    0.0160    -0.1005
7.792    1.1847    0.0165    -0.1004
7.962    1.2033    0.0171    -0.1003
8.124    1.2204    0.0178    -0.1001
8.278    1.2366    0.0185    -0.0998
8.423    1.2516    0.0192    -0.0995
8.559    1.2650    0.0199    -0.0992
8.687    1.2774    0.0207    -0.0989
8.806    1.2889    0.0214    -0.0986
8.915    1.2995    0.0221    -0.0983
9.016    1.3090    0.0228    -0.0981
9.107    1.3172    0.0235    -0.0979
9.189    1.3243    0.0242    -0.0978
9.262    1.3306    0.0248    -0.0977
9.325    1.3361    0.0253    -0.0976
9.378    1.3408    0.0258    -0.0975
9.422    1.3446    0.0261    -0.0975
9.456    1.3476    0.0264    -0.0974
9.480    1.3497    0.0266    -0.0974
9.495    1.3510    0.0268    -0.0974
9.500    1.3514    0.0268    -0.0974
9.518    1.3530    0.0270    -0.0973
9.573    1.3577    0.0275    -0.0971
9.664    1.3656    0.0283    -0.0968
9.791    1.3767    0.0295    -0.0965
9.955    1.3909    0.0311    -0.0959
10.155    1.4054    0.0336    -0.0952
10.390    1.4217    0.0367    -0.0943
10.661    1.4393    0.0408    -0.0933
10.967    1.4580    0.0458    -0.0922
11.309    1.4745    0.0527    -0.0911
11.684    1.4912    0.0607    -0.0900
12.094    1.5061    0.0704    -0.0891
12.538    1.5213    0.0826    -0.0887
13.016    1.5344    0.0980    -0.0886
13.526    1.5474    0.1145    -0.0888
14.068    1.5648    0.1331    -0.0896
14.642    1.5852    0.1546    -0.0906
15.248    1.6065    0.1782    -0.0928
15.884    1.6214    0.2045    -0.0960
16.550    1.6362    0.2329    -0.1005
17.245    1.6526    0.2627    -0.1062
17.969    1.6727    0.2939    -0.1133
18.720    1.6959    0.3257    -0.1200
19.499    1.7165    0.3589    -0.1275
20.303    1.7382    0.3931    -0.1346
21.133    1.7561    0.4271    -0.1405
21.988    1.7699    0.4619    -0.1459
22.866    1.7816    0.4986    -0.1515
23.767    1.7916    0.5369    -0.1572
24.690    1.7997    0.5769    -0.1629
25.634    1.8063    0.6184    -0.1686
26.597    1.8113    0.6613    -0.1744
27.580    1.8156    0.7053    -0.1802
28.580    1.8197    0.7502    -0.1860
29.597    1.8237    0.7960    -0.1918
30.630    1.8286    0.8423    -0.1975
31.678    1.8342    0.8891    -0.2032
32.740    1.8395    0.9358    -0.2088
33.814    1.8448    0.9828    -0.2144
34.899    1.8500    1.0302    -0.2200
35.995    1.8460    1.0762    -0.2255
37.101    1.8409    1.1222    -0.2309
38.214    1.8358    1.1686    -0.2364
39.334    1.8306    1.2153    -0.2420
40.460    1.8204    1.2603    -0.2474
41.591    1.8029    1.3026    -0.2527
42.726    1.7854    1.3450    -0.2579
43.862    1.7678    1.3875    -0.2632
45.000    1.7502    1.4301    -0.2685
50.000    1.6272    1.5870    -0.2905
55.000    1.4674    1.7067    -0.3110
60.000    1.2778    1.7834    -0.3304
65.000    1.0704    1.8132    -0.3485
70.000    0.8540    1.7938    -0.3655
75.000    0.6404    1.7260    -0.3813
80.000    0.4384    1.6152    -0.3960
85.000    0.2610    1.4797    -0.4095
90.000    0.1194    1.3911    -0.4217
95.000    -0.0028    1.3940    -0.4327
100.000    -0.1230    1.3819    -0.4421
105.000    -0.2402    1.3547    -0.4499
110.000    -0.3532    1.3129    -0.4558
115.000    -0.4584    1.2567    -0.4596
120.000    -0.5542    1.1869    -0.4609
125.000    -0.6382    1.1042    -0.4593
130.000    -0.7070    1.0099    -0.4542
135.000    -0.7588    0.9053    -0.4451
140.000    -0.7914    0.7925    -0.4312
145.000    -0.8012    0.6737    -0.4117
150.000    -0.7856    0.5517    -0.3855
155.000    -0.7420    0.4302    -0.3514
160.000    -0.6666    0.3131    -0.3079
170.000    -0.4114    0.1132    -0.1855
175.000    -0.2266    0.0664    -0.1020
180.000    0.0000    0.0563    0.0000
EOT 1
