AeroDyn airfoil file.  Compatible with AeroDyn v13.0.
This file was generated automatically by HARP_Opt.
This data represents a 97.6 percent thick airfoil, and was interpolated between the airfoil data in the files NREL5MW_1000.dat and NREL5MW_0400.dat.
  1           Number of airfoil tables in this file
 1.000         Table ID parameter (Reynolds number in millions)
 0.360         Stall angle (deg)
  0           Zero lift angle of attack (deg)
  0           Cn slope for zero lift (dimensionless)
  0           Cn at stall value for positive angle of attack
  0           Cn at stall value for negative angle of attack
  0           Angle of attack for minimum CD (deg)
  0           Minimum CD value
-180.000    0.0000    0.4824    0.0000
-175.000    0.0087    0.4828    0.0037
-170.000    0.0159    0.4844    0.0068
-160.000    0.0257    0.4922    0.0113
-155.000    0.0286    0.4967    0.0128
-150.000    0.0303    0.5014    0.0141
-145.000    0.0309    0.5061    0.0150
-140.000    0.0305    0.5107    0.0157
-135.000    0.0292    0.5151    0.0162
-130.000    0.0272    0.5192    0.0165
-125.000    0.0245    0.5228    0.0167
-120.000    0.0213    0.5260    0.0167
-115.000    0.0176    0.5287    0.0166
-110.000    0.0135    0.5309    0.0165
-105.000    0.0091    0.5325    0.0162
-100.000    0.0046    0.5335    0.0159
-95.000    -0.0001    0.5340    0.0155
-90.000    -0.0048    0.5338    0.0151
-85.000    -0.0094    0.5331    0.0147
-80.000    -0.0140    0.5319    0.0141
-75.000    -0.0182    0.5300    0.0136
-70.000    -0.0223    0.5277    0.0130
-65.000    -0.0259    0.5248    0.0123
-60.000    -0.0291    0.5215    0.0117
-55.000    -0.0317    0.5178    0.0109
-50.000    -0.0337    0.5137    0.0102
-45.000    -0.0350    0.5094    0.0094
-40.000    -0.0354    0.5049    0.0085
-35.000    -0.0350    0.5003    0.0076
-30.000    -0.0336    0.4957    0.0067
-25.000    -0.0311    0.4914    0.0057
-24.000    -0.0304    0.4906    0.0055
-23.000    -0.0298    0.4898    0.0053
-22.000    -0.0290    0.4890    0.0051
-21.000    -0.0282    0.4882    0.0049
-20.000    -0.0274    0.4874    0.0046
-19.000    -0.0265    0.4867    0.0044
-18.000    -0.0254    0.4861    0.0040
-17.000    -0.0242    0.4856    0.0036
-16.000    -0.0228    0.4851    0.0031
-15.000    -0.0214    0.4847    0.0026
-14.000    -0.0198    0.4844    0.0020
-13.000    -0.0181    0.4841    0.0013
-12.000    -0.0163    0.4839    0.0006
-11.000    -0.0144    0.4838    -0.0001
-10.000    -0.0124    0.4837    -0.0009
-8.000    -0.0083    0.4837    -0.0024
-6.000    -0.0044    0.4828    -0.0020
-5.500    -0.0036    0.4825    -0.0021
-5.000    -0.0029    0.4822    -0.0021
-4.500    -0.0026    0.4819    -0.0022
-4.000    -0.0022    0.4816    -0.0022
-3.500    -0.0007    0.4814    -0.0022
-3.000    0.0001    0.4812    -0.0022
-2.500    0.0006    0.4810    -0.0022
-2.000    0.0004    0.4808    -0.0021
-1.500    0.0002    0.4807    -0.0018
-1.000    0.0014    0.4806    -0.0019
-0.500    0.0029    0.4805    -0.0021
0.000    0.0055    0.4805    -0.0023
0.500    0.0085    0.4805    -0.0026
1.000    0.0117    0.4805    -0.0029
1.500    0.0148    0.4805    -0.0031
2.000    0.0178    0.4805    -0.0033
2.500    0.0206    0.4805    -0.0035
3.000    0.0232    0.4805    -0.0035
3.500    0.0258    0.4805    -0.0036
4.000    0.0284    0.4805    -0.0037
4.500    0.0310    0.4805    -0.0037
5.000    0.0336    0.4805    -0.0038
5.500    0.0362    0.4805    -0.0038
6.000    0.0387    0.4805    -0.0039
6.500    0.0411    0.4806    -0.0039
7.000    0.0434    0.4806    -0.0039
7.500    0.0456    0.4807    -0.0039
8.000    0.0477    0.4808    -0.0039
8.500    0.0497    0.4809    -0.0038
9.000    0.0515    0.4811    -0.0038
9.500    0.0533    0.4813    -0.0038
10.000    0.0547    0.4816    -0.0037
10.500    0.0560    0.4819    -0.0036
11.000    0.0570    0.4823    -0.0036
11.500    0.0580    0.4828    -0.0035
12.000    0.0589    0.4833    -0.0035
12.500    0.0598    0.4839    -0.0035
13.000    0.0605    0.4845    -0.0035
13.500    0.0615    0.4852    -0.0035
14.500    0.0635    0.4866    -0.0037
15.000    0.0646    0.4874    -0.0038
15.500    0.0652    0.4882    -0.0039
16.000    0.0660    0.4890    -0.0040
16.500    0.0666    0.4899    -0.0041
17.000    0.0672    0.4907    -0.0043
17.500    0.0680    0.4916    -0.0044
18.000    0.0688    0.4925    -0.0046
19.000    0.0700    0.4942    -0.0050
19.500    0.0707    0.4951    -0.0052
20.500    0.0719    0.4968    -0.0055
21.000    0.0724    0.4977    -0.0057
22.000    0.0732    0.4993    -0.0059
23.000    0.0739    0.5010    -0.0062
24.000    0.0744    0.5028    -0.0064
25.000    0.0749    0.5046    -0.0067
26.000    0.0752    0.5064    -0.0069
28.000    0.0758    0.5101    -0.0074
30.000    0.0762    0.5138    -0.0078
32.000    0.0766    0.5175    -0.0083
35.000    0.0772    0.5229    -0.0089
40.000    0.0761    0.5315    -0.0099
45.000    0.0728    0.5392    -0.0108
50.000    0.0676    0.5456    -0.0117
55.000    0.0609    0.5504    -0.0125
60.000    0.0529    0.5534    -0.0133
65.000    0.0442    0.5545    -0.0140
70.000    0.0352    0.5534    -0.0147
75.000    0.0263    0.5503    -0.0153
80.000    0.0180    0.5453    -0.0159
85.000    0.0107    0.5394    -0.0164
90.000    0.0050    0.5355    -0.0169
95.000    0.0001    0.5356    -0.0174
100.000    -0.0047    0.5352    -0.0177
105.000    -0.0094    0.5341    -0.0181
110.000    -0.0139    0.5325    -0.0183
115.000    -0.0181    0.5302    -0.0184
120.000    -0.0220    0.5275    -0.0185
125.000    -0.0253    0.5242    -0.0184
130.000    -0.0281    0.5204    -0.0182
135.000    -0.0302    0.5162    -0.0178
140.000    -0.0315    0.5117    -0.0173
145.000    -0.0319    0.5070    -0.0165
150.000    -0.0313    0.5021    -0.0155
155.000    -0.0296    0.4973    -0.0141
160.000    -0.0266    0.4926    -0.0123
170.000    -0.0164    0.4846    -0.0074
175.000    -0.0090    0.4828    -0.0041
180.000    0.0000    0.4824    0.0000
EOT 1
