AeroDyn airfoil file.  Compatible with AeroDyn v13.0.
This file was generated automatically by HARP_Opt.
This data represents a 29.7 percent thick airfoil, and was interpolated between the airfoil data in the files NREL5MW_0300.dat and NREL5MW_0250.dat.
  1           Number of airfoil tables in this file
 1.000         Table ID parameter (Reynolds number in millions)
 8.970         Stall angle (deg)
  0           Zero lift angle of attack (deg)
  0           Cn slope for zero lift (dimensionless)
  0           Cn at stall value for positive angle of attack
  0           Cn at stall value for negative angle of attack
  0           Angle of attack for minimum CD (deg)
  0           Minimum CD value
-180.000    0.0000    0.0263    0.0000
-175.000    0.2796    0.0367    0.1407
-170.000    0.5583    0.0966    0.2833
-160.000    0.6856    0.2874    0.2736
-155.000    0.7667    0.4024    0.3114
-150.000    0.8167    0.5231    0.3406
-145.000    0.8368    0.6454    0.3626
-140.000    0.8328    0.7656    0.3785
-135.000    0.8048    0.8808    0.3893
-130.000    0.7569    0.9884    0.3958
-125.000    0.6909    1.0864    0.3987
-120.000    0.6099    1.1733    0.3985
-115.000    0.5159    1.2478    0.3957
-110.000    0.4119    1.3089    0.3907
-105.000    0.3008    1.3558    0.3838
-100.000    0.1828    1.3882    0.3753
-95.000    0.0617    1.4055    0.3655
-90.000    -0.0603    1.4078    0.3543
-85.000    -0.1824    1.3949    0.3420
-80.000    -0.3015    1.3673    0.3287
-75.000    -0.4156    1.3249    0.3145
-70.000    -0.5227    1.2685    0.2993
-65.000    -0.6217    1.1988    0.2833
-60.000    -0.7079    1.1166    0.2664
-55.000    -0.7809    1.0229    0.2486
-50.000    -0.8381    0.9196    0.2300
-45.000    -0.8771    0.8083    0.2106
-40.000    -0.8952    0.6912    0.1902
-35.000    -0.8892    0.5711    0.1689
-30.000    -0.8582    0.4510    0.1469
-25.000    -0.8303    0.3362    0.1220
-24.000    -0.8484    0.3151    0.1153
-23.000    -0.8764    0.2948    0.1078
-22.000    -0.9114    0.2751    0.0997
-21.000    -0.9533    0.2561    0.0910
-20.000    -1.0011    0.2379    0.0818
-19.000    -1.0530    0.2204    0.0721
-18.000    -1.1087    0.2037    0.0622
-17.000    -1.1666    0.1877    0.0520
-16.000    -1.2246    0.1724    0.0417
-15.250    -1.2681    0.1615    0.0338
-14.240    -1.2124    0.1424    0.0222
-13.240    -1.1378    0.1224    0.0082
-12.220    -1.0465    0.1008    -0.0104
-11.220    -0.9618    0.0851    -0.0238
-10.190    -0.8655    0.0713    -0.0342
-9.700    -0.8211    0.0660    -0.0382
-9.180    -0.7689    0.0585    -0.0445
-8.180    -0.7498    0.0267    -0.0585
-7.190    -0.6797    0.0176    -0.0603
-6.650    -0.6057    0.0162    -0.0648
-6.130    -0.5318    0.0148    -0.0690
-6.000    -0.5148    0.0115    -0.0745
-5.500    -0.4410    0.0104    -0.0780
-5.000    -0.3723    0.0096    -0.0816
-4.500    -0.3043    0.0091    -0.0844
-4.000    -0.2410    0.0090    -0.0872
-3.500    -0.1787    0.0088    -0.0902
-3.000    -0.1099    0.0088    -0.0932
-2.500    -0.0410    0.0087    -0.0959
-2.000    0.0268    0.0087    -0.0986
-1.500    0.0947    0.0087    -0.1011
-1.000    0.1616    0.0087    -0.1035
-0.500    0.2285    0.0087    -0.1057
0.000    0.2974    0.0086    -0.1078
0.288    0.3352    0.0086    -0.1092
0.575    0.3732    0.0086    -0.1105
0.861    0.4116    0.0086    -0.1117
1.147    0.4495    0.0087    -0.1129
1.432    0.4869    0.0088    -0.1141
1.715    0.5247    0.0088    -0.1153
1.996    0.5623    0.0089    -0.1164
2.275    0.5986    0.0089    -0.1174
2.552    0.6346    0.0090    -0.1184
2.827    0.6707    0.0090    -0.1194
3.098    0.7060    0.0091    -0.1202
3.366    0.7403    0.0091    -0.1211
3.631    0.7747    0.0092    -0.1220
3.892    0.8091    0.0093    -0.1228
4.149    0.8422    0.0094    -0.1236
4.402    0.8745    0.0095    -0.1244
4.650    0.9065    0.0095    -0.1250
4.893    0.9379    0.0096    -0.1257
5.132    0.9682    0.0096    -0.1263
5.365    0.9976    0.0097    -0.1267
5.593    1.0264    0.0099    -0.1272
5.815    1.0544    0.0100    -0.1276
6.031    1.0816    0.0101    -0.1279
6.240    1.1077    0.0102    -0.1283
6.444    1.1330    0.0103    -0.1286
6.640    1.1571    0.0105    -0.1289
6.830    1.1803    0.0107    -0.1291
7.013    1.2025    0.0108    -0.1293
7.189    1.2229    0.0110    -0.1293
7.357    1.2425    0.0112    -0.1293
7.518    1.2605    0.0115    -0.1293
7.671    1.2754    0.0118    -0.1286
7.816    1.2896    0.0122    -0.1281
7.953    1.3030    0.0126    -0.1275
8.082    1.3141    0.0129    -0.1268
8.202    1.3242    0.0133    -0.1260
8.314    1.3337    0.0136    -0.1253
8.418    1.3424    0.0139    -0.1246
8.513    1.3504    0.0142    -0.1240
8.599    1.3576    0.0145    -0.1234
8.677    1.3641    0.0147    -0.1229
8.745    1.3699    0.0149    -0.1225
8.805    1.3749    0.0151    -0.1221
8.855    1.3791    0.0152    -0.1218
8.896    1.3826    0.0154    -0.1215
8.929    1.3853    0.0154    -0.1213
8.952    1.3872    0.0155    -0.1212
8.965    1.3884    0.0156    -0.1211
8.970    1.3887    0.0156    -0.1211
8.989    1.3900    0.0156    -0.1209
9.044    1.3937    0.0158    -0.1204
9.136    1.4000    0.0161    -0.1195
9.266    1.4087    0.0165    -0.1183
9.432    1.4200    0.0171    -0.1167
9.634    1.4336    0.0179    -0.1149
9.873    1.4497    0.0189    -0.1129
10.148    1.4665    0.0203    -0.1106
10.459    1.4846    0.0221    -0.1079
10.806    1.4997    0.0248    -0.1049
11.187    1.5139    0.0284    -0.1015
11.603    1.5264    0.0331    -0.0980
12.054    1.5360    0.0393    -0.0951
12.538    1.5302    0.0484    -0.0924
13.056    1.4457    0.0659    -0.0902
13.606    1.3782    0.0823    -0.0890
14.189    1.3408    0.0993    -0.0896
14.804    1.3297    0.1179    -0.0921
15.449    1.3233    0.1395    -0.0961
16.125    1.3257    0.1621    -0.1015
16.831    1.3209    0.1837    -0.1068
17.565    1.3299    0.2046    -0.1127
18.328    1.3365    0.2256    -0.1193
19.118    1.3649    0.2462    -0.1267
19.935    1.3934    0.2651    -0.1339
20.777    1.4279    0.2861    -0.1428
21.644    1.4197    0.3114    -0.1488
22.536    1.4008    0.3386    -0.1537
23.450    1.3807    0.3672    -0.1587
24.387    1.3598    0.3970    -0.1637
25.344    1.3379    0.4279    -0.1689
26.322    1.3165    0.4597    -0.1740
27.319    1.2964    0.4924    -0.1793
28.335    1.2778    0.5256    -0.1846
29.367    1.2629    0.5594    -0.1900
30.416    1.2511    0.5936    -0.1955
31.479    1.2445    0.6278    -0.2010
32.556    1.2432    0.6620    -0.2066
33.647    1.2472    0.6961    -0.2122
34.748    1.2512    0.7306    -0.2179
35.861    1.2511    0.7647    -0.2234
36.983    1.2499    0.7988    -0.2290
38.113    1.2485    0.8332    -0.2345
39.250    1.2472    0.8678    -0.2402
40.393    1.2432    0.9018    -0.2457
41.540    1.2340    0.9344    -0.2510
42.692    1.2247    0.9672    -0.2564
43.845    1.2154    1.0001    -0.2617
45.000    1.2061    1.0329    -0.2671
50.000    1.1360    1.1608    -0.2890
55.000    1.0403    1.2698    -0.3095
60.000    0.9247    1.3568    -0.3289
65.000    0.7932    1.4194    -0.3469
70.000    0.6525    1.4559    -0.3640
75.000    0.5058    1.4661    -0.3798
80.000    0.3598    1.4515    -0.3944
85.000    0.2196    1.4187    -0.4080
90.000    0.0908    1.3941    -0.4203
95.000    -0.0312    1.3945    -0.4312
100.000    -0.1512    1.3799    -0.4407
105.000    -0.2682    1.3504    -0.4485
110.000    -0.3802    1.3062    -0.4545
115.000    -0.4841    1.2479    -0.4583
120.000    -0.5791    1.1760    -0.4596
125.000    -0.6610    1.0915    -0.4581
130.000    -0.7280    0.9957    -0.4531
135.000    -0.7779    0.8901    -0.4440
140.000    -0.8078    0.7765    -0.4302
145.000    -0.8157    0.6575    -0.4108
150.000    -0.7975    0.5358    -0.3847
155.000    -0.7505    0.4151    -0.3507
160.000    -0.6734    0.2995    -0.3073
170.000    -0.5583    0.1048    -0.2841
175.000    -0.2796    0.0386    -0.1408
180.000    0.0000    0.0263    0.0000
EOT 1
