AeroDyn airfoil file.  Compatible with AeroDyn v13.0.
This file was generated automatically by HARP_Opt.
This data represents a 82.1 percent thick airfoil, and was interpolated between the airfoil data in the files NREL5MW_1000.dat and NREL5MW_0400.dat.
  1           Number of airfoil tables in this file
 1.000         Table ID parameter (Reynolds number in millions)
 2.685         Stall angle (deg)
  0           Zero lift angle of attack (deg)
  0           Cn slope for zero lift (dimensionless)
  0           Cn at stall value for positive angle of attack
  0           Cn at stall value for negative angle of attack
  0           Angle of attack for minimum CD (deg)
  0           Minimum CD value
-180.000    0.0000    0.3688    0.0000
-175.000    0.0650    0.3717    0.0279
-170.000    0.1184    0.3839    0.0506
-160.000    0.1915    0.4417    0.0839
-155.000    0.2133    0.4755    0.0957
-150.000    0.2258    0.5106    0.1049
-145.000    0.2303    0.5458    0.1119
-140.000    0.2273    0.5801    0.1171
-135.000    0.2181    0.6127    0.1208
-130.000    0.2029    0.6428    0.1231
-125.000    0.1829    0.6701    0.1243
-120.000    0.1587    0.6939    0.1246
-115.000    0.1310    0.7140    0.1240
-110.000    0.1005    0.7302    0.1228
-105.000    0.0680    0.7422    0.1210
-100.000    0.0340    0.7499    0.1187
-95.000    -0.0006    0.7533    0.1160
-90.000    -0.0358    0.7524    0.1128
-85.000    -0.0704    0.7471    0.1093
-80.000    -0.1041    0.7376    0.1054
-75.000    -0.1360    0.7240    0.1013
-70.000    -0.1662    0.7064    0.0968
-65.000    -0.1930    0.6851    0.0920
-60.000    -0.2169    0.6604    0.0869
-55.000    -0.2363    0.6326    0.0815
-50.000    -0.2512    0.6023    0.0759
-45.000    -0.2607    0.5700    0.0699
-40.000    -0.2643    0.5362    0.0635
-35.000    -0.2610    0.5020    0.0569
-30.000    -0.2503    0.4681    0.0498
-25.000    -0.2318    0.4358    0.0424
-24.000    -0.2270    0.4297    0.0409
-23.000    -0.2220    0.4236    0.0394
-22.000    -0.2163    0.4177    0.0378
-21.000    -0.2106    0.4120    0.0362
-20.000    -0.2044    0.4064    0.0347
-19.000    -0.1975    0.4012    0.0327
-18.000    -0.1894    0.3966    0.0302
-17.000    -0.1805    0.3925    0.0271
-16.000    -0.1703    0.3890    0.0234
-15.000    -0.1593    0.3861    0.0193
-14.000    -0.1474    0.3837    0.0147
-13.000    -0.1348    0.3817    0.0098
-12.000    -0.1214    0.3802    0.0047
-11.000    -0.1074    0.3792    -0.0008
-10.000    -0.0928    0.3786    -0.0064
-8.000    -0.0621    0.3786    -0.0179
-6.000    -0.0331    0.3714    -0.0149
-5.500    -0.0268    0.3692    -0.0154
-5.000    -0.0215    0.3672    -0.0159
-4.500    -0.0194    0.3652    -0.0161
-4.000    -0.0161    0.3631    -0.0162
-3.500    -0.0051    0.3612    -0.0165
-3.000    0.0009    0.3598    -0.0166
-2.500    0.0042    0.3584    -0.0166
-2.000    0.0027    0.3567    -0.0159
-1.500    0.0012    0.3557    -0.0132
-1.000    0.0107    0.3552    -0.0140
-0.500    0.0218    0.3549    -0.0156
0.000    0.0409    0.3542    -0.0171
0.500    0.0635    0.3542    -0.0192
1.000    0.0871    0.3544    -0.0214
1.500    0.1101    0.3545    -0.0234
2.000    0.1325    0.3545    -0.0249
2.500    0.1533    0.3545    -0.0258
3.000    0.1730    0.3545    -0.0265
3.500    0.1924    0.3544    -0.0268
4.000    0.2118    0.3544    -0.0273
4.500    0.2315    0.3545    -0.0278
5.000    0.2509    0.3546    -0.0283
5.500    0.2697    0.3547    -0.0286
6.000    0.2885    0.3549    -0.0288
6.500    0.3064    0.3551    -0.0290
7.000    0.3234    0.3555    -0.0290
7.500    0.3401    0.3560    -0.0290
8.000    0.3559    0.3567    -0.0289
8.500    0.3705    0.3577    -0.0286
9.000    0.3840    0.3590    -0.0283
9.500    0.3977    0.3605    -0.0281
10.000    0.4081    0.3626    -0.0276
10.500    0.4177    0.3650    -0.0271
11.000    0.4251    0.3681    -0.0266
11.500    0.4323    0.3714    -0.0262
12.000    0.4394    0.3752    -0.0260
12.500    0.4457    0.3799    -0.0260
13.000    0.4514    0.3845    -0.0261
13.500    0.4588    0.3893    -0.0264
14.500    0.4735    0.4001    -0.0274
15.000    0.4815    0.4059    -0.0280
15.500    0.4866    0.4121    -0.0288
16.000    0.4920    0.4180    -0.0297
16.500    0.4970    0.4244    -0.0308
17.000    0.5015    0.4309    -0.0319
17.500    0.5069    0.4374    -0.0331
18.000    0.5128    0.4439    -0.0345
19.000    0.5224    0.4569    -0.0371
19.500    0.5272    0.4637    -0.0385
20.500    0.5364    0.4765    -0.0413
21.000    0.5400    0.4825    -0.0422
22.000    0.5459    0.4949    -0.0441
23.000    0.5510    0.5077    -0.0460
24.000    0.5552    0.5207    -0.0478
25.000    0.5585    0.5340    -0.0496
26.000    0.5612    0.5475    -0.0514
28.000    0.5650    0.5750    -0.0549
30.000    0.5680    0.6027    -0.0583
32.000    0.5713    0.6302    -0.0615
35.000    0.5755    0.6707    -0.0662
40.000    0.5677    0.7349    -0.0736
45.000    0.5430    0.7922    -0.0806
50.000    0.5042    0.8401    -0.0871
55.000    0.4541    0.8762    -0.0933
60.000    0.3947    0.8986    -0.0991
65.000    0.3300    0.9062    -0.1045
70.000    0.2625    0.8982    -0.1095
75.000    0.1963    0.8749    -0.1143
80.000    0.1340    0.8381    -0.1186
85.000    0.0797    0.7938    -0.1227
90.000    0.0370    0.7649    -0.1263
95.000    0.0006    0.7659    -0.1296
100.000    -0.0352    0.7624    -0.1324
105.000    -0.0701    0.7544    -0.1347
110.000    -0.1038    0.7421    -0.1364
115.000    -0.1351    0.7255    -0.1375
120.000    -0.1638    0.7048    -0.1379
125.000    -0.1888    0.6802    -0.1374
130.000    -0.2094    0.6522    -0.1359
135.000    -0.2249    0.6211    -0.1331
140.000    -0.2348    0.5876    -0.1290
145.000    -0.2378    0.5522    -0.1231
150.000    -0.2333    0.5159    -0.1152
155.000    -0.2205    0.4797    -0.1050
160.000    -0.1981    0.4447    -0.0920
170.000    -0.1223    0.3850    -0.0554
175.000    -0.0674    0.3718    -0.0305
180.000    0.0000    0.3688    0.0000
EOT 1
