AeroDyn airfoil file.  Compatible with AeroDyn v13.0.
This file was generated automatically by HARP_Opt.
This data represents a 18.3 percent thick airfoil, and was interpolated between the airfoil data in the files NREL5MW_0210.dat and NREL5MW_0180.dat.
  1           Number of airfoil tables in this file
 1.000         Table ID parameter (Reynolds number in millions)
 8.900         Stall angle (deg)
  0           Zero lift angle of attack (deg)
  0           Cn slope for zero lift (dimensionless)
  0           Cn at stall value for positive angle of attack
  0           Cn at stall value for negative angle of attack
  0           Angle of attack for minimum CD (deg)
  0           Minimum CD value
-180.000    0.0000    0.0197    0.0000
-175.000    0.3760    0.0340    0.1890
-170.000    0.7529    0.0954    0.3789
-160.000    0.6601    0.2807    0.2746
-155.000    0.7373    0.3920    0.3129
-150.000    0.7844    0.5089    0.3426
-145.000    0.8045    0.6271    0.3652
-140.000    0.7995    0.7433    0.3818
-135.000    0.7725    0.8545    0.3933
-130.000    0.7255    0.9583    0.4004
-125.000    0.6615    1.0530    0.4039
-120.000    0.5825    1.1367    0.4044
-115.000    0.4924    1.2084    0.4022
-110.000    0.3913    1.2671    0.3977
-105.000    0.2832    1.3120    0.3914
-100.000    0.1700    1.3427    0.3834
-95.000    0.0528    1.3590    0.3739
-90.000    -0.0663    1.3606    0.3631
-85.000    -0.1835    1.3475    0.3512
-80.000    -0.2986    1.3201    0.3383
-75.000    -0.4088    1.2785    0.3243
-70.000    -0.5120    1.2232    0.3094
-65.000    -0.6062    1.1551    0.2935
-60.000    -0.6894    1.0750    0.2767
-55.000    -0.7595    0.9840    0.2590
-50.000    -0.8146    0.8837    0.2404
-45.000    -0.8507    0.7758    0.2207
-40.000    -0.8669    0.6624    0.2001
-35.000    -0.8609    0.5464    0.1785
-30.000    -0.8299    0.4306    0.1559
-25.000    -0.8468    0.3090    0.1167
-24.000    -0.8624    0.2834    0.1053
-23.000    -0.8815    0.2577    0.0930
-22.000    -0.9020    0.2318    0.0800
-21.000    -0.9249    0.2061    0.0663
-20.000    -0.9491    0.1805    0.0520
-19.000    -0.9737    0.1553    0.0374
-18.000    -0.9976    0.1305    0.0225
-17.000    -1.0702    0.1053    0.0126
-16.000    -1.1016    0.0801    -0.0034
-15.000    -1.0978    0.0550    -0.0254
-14.500    -1.0874    0.0425    -0.0339
-12.010    -0.9099    0.0148    -0.0670
-11.000    -0.8163    0.0139    -0.0686
-9.980    -0.7205    0.0128    -0.0708
-8.120    -0.4964    0.0095    -0.0805
-7.620    -0.4417    0.0091    -0.0825
-7.110    -0.3870    0.0087    -0.0842
-6.600    -0.3298    0.0084    -0.0852
-6.500    -0.3186    0.0085    -0.0854
-6.000    -0.2621    0.0082    -0.0860
-5.500    -0.2046    0.0080    -0.0867
-5.000    -0.1472    0.0078    -0.0874
-4.500    -0.0804    0.0074    -0.0889
-4.000    -0.0137    0.0071    -0.0903
-3.500    0.0400    0.0067    -0.0925
-3.000    0.0937    0.0063    -0.0946
-2.500    0.1563    0.0059    -0.0963
-2.000    0.2187    0.0054    -0.0980
-1.500    0.2768    0.0053    -0.0992
-1.000    0.3348    0.0052    -0.1005
-0.500    0.3923    0.0052    -0.1026
0.000    0.4499    0.0052    -0.1046
0.285    0.4827    0.0052    -0.1063
0.570    0.5155    0.0053    -0.1080
0.855    0.5482    0.0053    -0.1096
1.138    0.5808    0.0053    -0.1111
1.420    0.6132    0.0053    -0.1125
1.701    0.6454    0.0053    -0.1138
1.980    0.6775    0.0054    -0.1151
2.258    0.7094    0.0054    -0.1160
2.532    0.7409    0.0054    -0.1168
2.804    0.7721    0.0054    -0.1176
3.074    0.8029    0.0054    -0.1184
3.340    0.8334    0.0054    -0.1195
3.603    0.8635    0.0055    -0.1205
3.862    0.8932    0.0055    -0.1214
4.117    0.9218    0.0056    -0.1223
4.367    0.9497    0.0057    -0.1232
4.614    0.9771    0.0058    -0.1240
4.855    1.0041    0.0060    -0.1249
5.092    1.0277    0.0065    -0.1253
5.323    1.0491    0.0072    -0.1251
5.549    1.0700    0.0079    -0.1250
5.769    1.0904    0.0087    -0.1248
5.983    1.1096    0.0093    -0.1246
6.192    1.1262    0.0098    -0.1237
6.393    1.1422    0.0102    -0.1227
6.588    1.1577    0.0106    -0.1218
6.777    1.1727    0.0110    -0.1208
6.958    1.1871    0.0114    -0.1199
7.133    1.2006    0.0116    -0.1194
7.300    1.2135    0.0118    -0.1190
7.459    1.2258    0.0120    -0.1186
7.611    1.2375    0.0122    -0.1182
7.755    1.2486    0.0123    -0.1178
7.891    1.2590    0.0125    -0.1175
8.019    1.2684    0.0126    -0.1171
8.138    1.2771    0.0128    -0.1171
8.250    1.2853    0.0129    -0.1170
8.352    1.2927    0.0130    -0.1169
8.447    1.2992    0.0132    -0.1168
8.532    1.3049    0.0133    -0.1168
8.609    1.3100    0.0134    -0.1167
8.677    1.3145    0.0135    -0.1166
8.736    1.3184    0.0135    -0.1165
8.786    1.3217    0.0136    -0.1164
8.827    1.3244    0.0136    -0.1164
8.859    1.3265    0.0137    -0.1163
8.882    1.3280    0.0137    -0.1163
8.895    1.3289    0.0137    -0.1163
8.900    1.3292    0.0137    -0.1163
8.919    1.3303    0.0138    -0.1163
8.974    1.3336    0.0138    -0.1162
9.067    1.3391    0.0140    -0.1161
9.196    1.3468    0.0142    -0.1158
9.363    1.3567    0.0144    -0.1155
9.566    1.3672    0.0148    -0.1152
9.805    1.3793    0.0152    -0.1148
10.081    1.3898    0.0191    -0.1143
10.392    1.3995    0.0259    -0.1139
10.739    1.4060    0.0334    -0.1135
11.121    1.4110    0.0417    -0.1132
11.538    1.4152    0.0507    -0.1133
11.990    1.4206    0.0605    -0.1139
12.475    1.4275    0.0710    -0.1142
12.994    1.4340    0.0824    -0.1129
13.545    1.4343    0.0945    -0.1104
14.129    1.4295    0.1072    -0.1084
14.745    1.4278    0.1205    -0.1077
15.392    1.4300    0.1346    -0.1082
16.069    1.4308    0.1493    -0.1087
16.776    1.4255    0.1646    -0.1079
17.512    1.4268    0.1805    -0.1059
18.276    1.4366    0.1971    -0.1068
19.068    1.4323    0.2141    -0.1072
19.886    1.4176    0.2316    -0.1085
20.730    1.3987    0.2495    -0.1143
21.599    1.3681    0.2680    -0.1178
22.492    1.3221    0.2872    -0.1211
23.408    1.2609    0.3065    -0.1296
24.347    1.1983    0.3252    -0.1401
25.306    1.1490    0.3431    -0.1448
26.286    1.0995    0.3617    -0.1494
27.285    1.0502    0.3809    -0.1541
28.302    1.0021    0.4007    -0.1589
29.337    0.9578    0.4213    -0.1637
30.387    0.9165    0.4424    -0.1686
31.453    0.8811    0.4643    -0.1736
32.532    0.8544    0.4871    -0.1786
33.625    0.8368    0.5107    -0.1836
34.729    0.8189    0.5345    -0.1887
35.843    0.8153    0.5596    -0.1938
36.967    0.8162    0.5853    -0.1990
38.099    0.8171    0.6112    -0.2042
39.238    0.8180    0.6372    -0.2094
40.384    0.8176    0.6633    -0.2146
41.534    0.8149    0.6893    -0.2196
42.687    0.8121    0.7154    -0.2246
43.843    0.8093    0.7416    -0.2297
45.000    0.8065    0.7678    -0.2347
50.000    0.7751    0.8776    -0.2556
55.000    0.7274    0.9822    -0.2754
60.000    0.6644    1.0803    -0.2942
65.000    0.5884    1.1707    -0.3120
70.000    0.4995    1.2524    -0.3288
75.000    0.4007    1.3243    -0.3447
80.000    0.2923    1.3848    -0.3596
85.000    0.1763    1.4316    -0.3734
90.000    0.0530    1.4560    -0.3861
95.000    -0.0739    1.4528    -0.3976
100.000    -0.1989    1.4340    -0.4078
105.000    -0.3208    1.3999    -0.4165
110.000    -0.4358    1.3507    -0.4234
115.000    -0.5428    1.2870    -0.4283
120.000    -0.6397    1.2095    -0.4309
125.000    -0.7227    1.1192    -0.4307
130.000    -0.7897    1.0176    -0.4272
135.000    -0.8396    0.9061    -0.4198
140.000    -0.8676    0.7868    -0.4079
145.000    -0.8717    0.6625    -0.3905
150.000    -0.8497    0.5361    -0.3667
155.000    -0.7977    0.4115    -0.3350
160.000    -0.7137    0.2930    -0.2943
170.000    -0.7529    0.0971    -0.3791
175.000    -0.3760    0.0334    -0.1889
180.000    0.0000    0.0197    0.0000
EOT 1
