AeroDyn airfoil file.  Compatible with AeroDyn v13.0.
This file was generated automatically by HARP_Opt.
This data represents a 54.7 percent thick airfoil, and was interpolated between the airfoil data in the files NREL5MW_1000.dat and NREL5MW_0400.dat.
  1           Number of airfoil tables in this file
 1.000         Table ID parameter (Reynolds number in millions)
 6.795         Stall angle (deg)
  0           Zero lift angle of attack (deg)
  0           Cn slope for zero lift (dimensionless)
  0           Cn at stall value for positive angle of attack
  0           Cn at stall value for negative angle of attack
  0           Angle of attack for minimum CD (deg)
  0           Minimum CD value
-180.000    0.0000    0.1680    0.0000
-175.000    0.1646    0.1753    0.0705
-170.000    0.2997    0.2061    0.1281
-160.000    0.4847    0.3524    0.2124
-155.000    0.5398    0.4380    0.2422
-150.000    0.5715    0.5268    0.2655
-145.000    0.5829    0.6159    0.2833
-140.000    0.5753    0.7027    0.2964
-135.000    0.5519    0.7852    0.3056
-130.000    0.5134    0.8615    0.3115
-125.000    0.4628    0.9304    0.3145
-120.000    0.4017    0.9907    0.3153
-115.000    0.3314    1.0416    0.3139
-110.000    0.2544    1.0826    0.3108
-105.000    0.1721    1.1129    0.3063
-100.000    0.0861    1.1325    0.3004
-95.000    -0.0015    1.1411    0.2935
-90.000    -0.0906    1.1387    0.2855
-85.000    -0.1782    1.1254    0.2766
-80.000    -0.2635    1.1013    0.2668
-75.000    -0.3443    1.0668    0.2562
-70.000    -0.4205    1.0223    0.2449
-65.000    -0.4885    0.9684    0.2328
-60.000    -0.5489    0.9059    0.2200
-55.000    -0.5980    0.8357    0.2063
-50.000    -0.6357    0.7589    0.1920
-45.000    -0.6599    0.6770    0.1768
-40.000    -0.6689    0.5917    0.1607
-35.000    -0.6606    0.5051    0.1439
-30.000    -0.6334    0.4194    0.1261
-25.000    -0.5866    0.3376    0.1074
-24.000    -0.5746    0.3220    0.1035
-23.000    -0.5617    0.3067    0.0997
-22.000    -0.5474    0.2918    0.0957
-21.000    -0.5330    0.2772    0.0917
-20.000    -0.5172    0.2630    0.0877
-19.000    -0.4998    0.2499    0.0828
-18.000    -0.4794    0.2382    0.0764
-17.000    -0.4568    0.2280    0.0685
-16.000    -0.4311    0.2192    0.0592
-15.000    -0.4032    0.2118    0.0488
-14.000    -0.3730    0.2056    0.0373
-13.000    -0.3413    0.2007    0.0249
-12.000    -0.3073    0.1969    0.0118
-11.000    -0.2718    0.1943    -0.0020
-10.000    -0.2348    0.1928    -0.0161
-8.000    -0.1570    0.1927    -0.0453
-6.000    -0.0838    0.1745    -0.0378
-5.500    -0.0679    0.1689    -0.0390
-5.000    -0.0544    0.1638    -0.0402
-4.500    -0.0491    0.1587    -0.0406
-4.000    -0.0408    0.1535    -0.0411
-3.500    -0.0128    0.1488    -0.0418
-3.000    0.0023    0.1451    -0.0421
-2.500    0.0106    0.1418    -0.0419
-2.000    0.0068    0.1374    -0.0403
-1.500    0.0030    0.1349    -0.0334
-1.000    0.0272    0.1336    -0.0354
-0.500    0.0551    0.1328    -0.0394
0.000    0.1034    0.1310    -0.0433
0.500    0.1608    0.1311    -0.0486
1.000    0.2205    0.1314    -0.0542
1.500    0.2786    0.1317    -0.0591
2.000    0.3352    0.1319    -0.0630
2.500    0.3881    0.1319    -0.0654
3.000    0.4379    0.1318    -0.0670
3.500    0.4870    0.1316    -0.0679
4.000    0.5361    0.1315    -0.0690
4.500    0.5859    0.1317    -0.0704
5.000    0.6350    0.1319    -0.0715
5.500    0.6825    0.1322    -0.0723
6.000    0.7301    0.1327    -0.0730
6.500    0.7754    0.1334    -0.0735
7.000    0.8184    0.1344    -0.0734
7.500    0.8607    0.1356    -0.0734
8.000    0.9007    0.1374    -0.0731
8.500    0.9377    0.1399    -0.0723
9.000    0.9717    0.1433    -0.0716
9.500    1.0064    0.1469    -0.0711
10.000    1.0328    0.1522    -0.0699
10.500    1.0570    0.1584    -0.0686
11.000    1.0759    0.1663    -0.0672
11.500    1.0940    0.1747    -0.0662
12.000    1.1121    0.1841    -0.0657
12.500    1.1280    0.1960    -0.0657
13.000    1.1423    0.2077    -0.0661
13.500    1.1612    0.2197    -0.0669
14.500    1.1982    0.2471    -0.0692
15.000    1.2186    0.2618    -0.0709
15.500    1.2314    0.2774    -0.0729
16.000    1.2450    0.2924    -0.0752
16.500    1.2578    0.3088    -0.0778
17.000    1.2692    0.3251    -0.0807
17.500    1.2827    0.3414    -0.0838
18.000    1.2978    0.3581    -0.0874
19.000    1.3220    0.3908    -0.0938
19.500    1.3341    0.4081    -0.0975
20.500    1.3575    0.4405    -0.1045
21.000    1.3666    0.4558    -0.1069
22.000    1.3817    0.4872    -0.1117
23.000    1.3945    0.5194    -0.1164
24.000    1.4051    0.5524    -0.1210
25.000    1.4134    0.5861    -0.1256
26.000    1.4202    0.6203    -0.1302
28.000    1.4300    0.6897    -0.1390
30.000    1.4375    0.7598    -0.1475
32.000    1.4458    0.8295    -0.1558
35.000    1.4564    0.9320    -0.1676
40.000    1.4368    1.0944    -0.1863
45.000    1.3741    1.2396    -0.2039
50.000    1.2759    1.3608    -0.2205
55.000    1.1491    1.4520    -0.2361
60.000    0.9989    1.5087    -0.2507
65.000    0.8350    1.5279    -0.2644
70.000    0.6644    1.5077    -0.2772
75.000    0.4968    1.4488    -0.2892
80.000    0.3390    1.3557    -0.3003
85.000    0.2016    1.2434    -0.3105
90.000    0.0936    1.1704    -0.3197
95.000    0.0015    1.1729    -0.3279
100.000    -0.0891    1.1640    -0.3350
105.000    -0.1774    1.1439    -0.3408
110.000    -0.2627    1.1126    -0.3453
115.000    -0.3420    1.0706    -0.3481
120.000    -0.4145    1.0182    -0.3490
125.000    -0.4779    0.9561    -0.3478
130.000    -0.5300    0.8852    -0.3438
135.000    -0.5693    0.8065    -0.3369
140.000    -0.5942    0.7216    -0.3264
145.000    -0.6017    0.6321    -0.3116
150.000    -0.5904    0.5402    -0.2917
155.000    -0.5579    0.4485    -0.2658
160.000    -0.5013    0.3601    -0.2329
170.000    -0.3095    0.2089    -0.1403
175.000    -0.1706    0.1755    -0.0772
180.000    0.0000    0.1680    0.0000
EOT 1
