AeroDyn airfoil file.  Compatible with AeroDyn v13.0.
This file was generated automatically by HARP_Opt.
This data represents a 74.2 percent thick airfoil, and was interpolated between the airfoil data in the files NREL5MW_1000.dat and NREL5MW_0400.dat.
  1           Number of airfoil tables in this file
 1.000         Table ID parameter (Reynolds number in millions)
 3.870         Stall angle (deg)
  0           Zero lift angle of attack (deg)
  0           Cn slope for zero lift (dimensionless)
  0           Cn at stall value for positive angle of attack
  0           Cn at stall value for negative angle of attack
  0           Angle of attack for minimum CD (deg)
  0           Minimum CD value
-180.000    0.0000    0.3109    0.0000
-175.000    0.0937    0.3151    0.0402
-170.000    0.1707    0.3326    0.0730
-160.000    0.2761    0.4159    0.1210
-155.000    0.3074    0.4647    0.1379
-150.000    0.3255    0.5153    0.1512
-145.000    0.3320    0.5660    0.1613
-140.000    0.3277    0.6155    0.1688
-135.000    0.3143    0.6624    0.1741
-130.000    0.2924    0.7059    0.1774
-125.000    0.2636    0.7451    0.1791
-120.000    0.2288    0.7795    0.1796
-115.000    0.1888    0.8085    0.1788
-110.000    0.1449    0.8318    0.1770
-105.000    0.0980    0.8491    0.1745
-100.000    0.0490    0.8603    0.1711
-95.000    -0.0009    0.8652    0.1671
-90.000    -0.0516    0.8638    0.1626
-85.000    -0.1015    0.8562    0.1575
-80.000    -0.1501    0.8425    0.1520
-75.000    -0.1961    0.8228    0.1459
-70.000    -0.2395    0.7975    0.1395
-65.000    -0.2782    0.7668    0.1326
-60.000    -0.3126    0.7312    0.1253
-55.000    -0.3406    0.6912    0.1175
-50.000    -0.3621    0.6474    0.1093
-45.000    -0.3758    0.6008    0.1007
-40.000    -0.3810    0.5522    0.0915
-35.000    -0.3762    0.5029    0.0820
-30.000    -0.3608    0.4541    0.0718
-25.000    -0.3341    0.4075    0.0611
-24.000    -0.3272    0.3986    0.0590
-23.000    -0.3199    0.3899    0.0568
-22.000    -0.3117    0.3814    0.0545
-21.000    -0.3036    0.3731    0.0522
-20.000    -0.2945    0.3650    0.0500
-19.000    -0.2847    0.3575    0.0472
-18.000    -0.2730    0.3509    0.0435
-17.000    -0.2601    0.3451    0.0390
-16.000    -0.2455    0.3401    0.0337
-15.000    -0.2296    0.3359    0.0278
-14.000    -0.2124    0.3323    0.0212
-13.000    -0.1944    0.3295    0.0142
-12.000    -0.1750    0.3274    0.0067
-11.000    -0.1548    0.3259    -0.0011
-10.000    -0.1337    0.3250    -0.0092
-8.000    -0.0894    0.3250    -0.0258
-6.000    -0.0477    0.3146    -0.0215
-5.500    -0.0387    0.3114    -0.0222
-5.000    -0.0310    0.3085    -0.0229
-4.500    -0.0279    0.3056    -0.0231
-4.000    -0.0232    0.3027    -0.0234
-3.500    -0.0073    0.3000    -0.0238
-3.000    0.0013    0.2979    -0.0240
-2.500    0.0060    0.2960    -0.0239
-2.000    0.0039    0.2935    -0.0230
-1.500    0.0017    0.2921    -0.0190
-1.000    0.0155    0.2913    -0.0202
-0.500    0.0314    0.2909    -0.0224
0.000    0.0589    0.2899    -0.0246
0.500    0.0916    0.2899    -0.0277
1.000    0.1256    0.2901    -0.0309
1.500    0.1587    0.2902    -0.0337
2.000    0.1909    0.2903    -0.0359
2.500    0.2210    0.2903    -0.0372
3.000    0.2494    0.2903    -0.0381
3.500    0.2773    0.2902    -0.0387
4.000    0.3053    0.2901    -0.0393
4.500    0.3337    0.2902    -0.0401
5.000    0.3616    0.2904    -0.0407
5.500    0.3887    0.2905    -0.0412
6.000    0.4158    0.2908    -0.0416
6.500    0.4416    0.2912    -0.0418
7.000    0.4661    0.2918    -0.0418
7.500    0.4902    0.2925    -0.0418
8.000    0.5130    0.2935    -0.0416
8.500    0.5341    0.2949    -0.0412
9.000    0.5534    0.2968    -0.0408
9.500    0.5732    0.2989    -0.0405
10.000    0.5882    0.3019    -0.0398
10.500    0.6020    0.3054    -0.0390
11.000    0.6127    0.3099    -0.0383
11.500    0.6231    0.3147    -0.0377
12.000    0.6334    0.3201    -0.0374
12.500    0.6424    0.3268    -0.0374
13.000    0.6506    0.3335    -0.0377
13.500    0.6613    0.3404    -0.0381
14.500    0.6824    0.3560    -0.0394
15.000    0.6940    0.3643    -0.0404
15.500    0.7013    0.3732    -0.0415
16.000    0.7091    0.3818    -0.0428
16.500    0.7164    0.3911    -0.0443
17.000    0.7228    0.4004    -0.0460
17.500    0.7306    0.4097    -0.0477
18.000    0.7392    0.4192    -0.0498
19.000    0.7529    0.4378    -0.0534
19.500    0.7598    0.4477    -0.0555
20.500    0.7731    0.4661    -0.0595
21.000    0.7783    0.4748    -0.0609
22.000    0.7869    0.4927    -0.0636
23.000    0.7942    0.5111    -0.0663
24.000    0.8002    0.5298    -0.0689
25.000    0.8050    0.5491    -0.0716
26.000    0.8088    0.5685    -0.0741
28.000    0.8144    0.6081    -0.0792
30.000    0.8187    0.6480    -0.0840
32.000    0.8234    0.6877    -0.0887
35.000    0.8295    0.7460    -0.0955
40.000    0.8183    0.8385    -0.1061
45.000    0.7826    0.9212    -0.1161
50.000    0.7267    0.9902    -0.1256
55.000    0.6545    1.0422    -0.1345
60.000    0.5689    1.0745    -0.1428
65.000    0.4756    1.0854    -0.1506
70.000    0.3784    1.0739    -0.1579
75.000    0.2829    1.0404    -0.1647
80.000    0.1931    0.9874    -0.1710
85.000    0.1148    0.9234    -0.1768
90.000    0.0533    0.8818    -0.1821
95.000    0.0009    0.8832    -0.1867
100.000    -0.0507    0.8782    -0.1908
105.000    -0.1010    0.8667    -0.1941
110.000    -0.1496    0.8489    -0.1966
115.000    -0.1948    0.8250    -0.1982
120.000    -0.2361    0.7952    -0.1988
125.000    -0.2722    0.7598    -0.1981
130.000    -0.3019    0.7194    -0.1958
135.000    -0.3242    0.6746    -0.1919
140.000    -0.3384    0.6262    -0.1859
145.000    -0.3427    0.5753    -0.1775
150.000    -0.3363    0.5229    -0.1661
155.000    -0.3178    0.4707    -0.1514
160.000    -0.2855    0.4203    -0.1327
170.000    -0.1763    0.3342    -0.0799
175.000    -0.0972    0.3152    -0.0439
180.000    0.0000    0.3109    0.0000
EOT 1
