AeroDyn airfoil file.  Compatible with AeroDyn v13.0.
This file was generated automatically by HARP_Opt.
This data represents a 94.7 percent thick airfoil, and was interpolated between the airfoil data in the files NREL5MW_1000.dat and NREL5MW_0400.dat.
  1           Number of airfoil tables in this file
 1.000         Table ID parameter (Reynolds number in millions)
 0.795         Stall angle (deg)
  0           Zero lift angle of attack (deg)
  0           Cn slope for zero lift (dimensionless)
  0           Cn at stall value for positive angle of attack
  0           Cn at stall value for negative angle of attack
  0           Angle of attack for minimum CD (deg)
  0           Minimum CD value
-180.000    0.0000    0.4612    0.0000
-175.000    0.0193    0.4620    0.0083
-170.000    0.0351    0.4656    0.0150
-160.000    0.0567    0.4827    0.0248
-155.000    0.0632    0.4927    0.0283
-150.000    0.0669    0.5031    0.0311
-145.000    0.0682    0.5136    0.0331
-140.000    0.0673    0.5237    0.0347
-135.000    0.0646    0.5334    0.0358
-130.000    0.0601    0.5423    0.0364
-125.000    0.0541    0.5504    0.0368
-120.000    0.0470    0.5574    0.0369
-115.000    0.0388    0.5634    0.0367
-110.000    0.0298    0.5682    0.0364
-105.000    0.0201    0.5717    0.0358
-100.000    0.0101    0.5740    0.0351
-95.000    -0.0002    0.5750    0.0343
-90.000    -0.0106    0.5747    0.0334
-85.000    -0.0208    0.5732    0.0324
-80.000    -0.0308    0.5703    0.0312
-75.000    -0.0403    0.5663    0.0300
-70.000    -0.0492    0.5611    0.0287
-65.000    -0.0572    0.5548    0.0272
-60.000    -0.0642    0.5475    0.0257
-55.000    -0.0700    0.5393    0.0241
-50.000    -0.0744    0.5303    0.0225
-45.000    -0.0772    0.5207    0.0207
-40.000    -0.0783    0.5107    0.0188
-35.000    -0.0773    0.5006    0.0168
-30.000    -0.0741    0.4906    0.0148
-25.000    -0.0686    0.4810    0.0126
-24.000    -0.0672    0.4792    0.0121
-23.000    -0.0657    0.4774    0.0117
-22.000    -0.0640    0.4756    0.0112
-21.000    -0.0624    0.4739    0.0107
-20.000    -0.0605    0.4723    0.0103
-19.000    -0.0585    0.4707    0.0097
-18.000    -0.0561    0.4694    0.0089
-17.000    -0.0534    0.4682    0.0080
-16.000    -0.0504    0.4671    0.0069
-15.000    -0.0472    0.4663    0.0057
-14.000    -0.0436    0.4656    0.0044
-13.000    -0.0399    0.4650    0.0029
-12.000    -0.0360    0.4645    0.0014
-11.000    -0.0318    0.4642    -0.0002
-10.000    -0.0275    0.4641    -0.0019
-8.000    -0.0184    0.4640    -0.0053
-6.000    -0.0098    0.4619    -0.0044
-5.500    -0.0079    0.4613    -0.0046
-5.000    -0.0064    0.4607    -0.0047
-4.500    -0.0057    0.4601    -0.0048
-4.000    -0.0048    0.4595    -0.0048
-3.500    -0.0015    0.4589    -0.0049
-3.000    0.0003    0.4585    -0.0049
-2.500    0.0012    0.4581    -0.0049
-2.000    0.0008    0.4576    -0.0047
-1.500    0.0004    0.4573    -0.0039
-1.000    0.0032    0.4571    -0.0041
-0.500    0.0064    0.4570    -0.0046
0.000    0.0121    0.4568    -0.0051
0.500    0.0188    0.4568    -0.0057
1.000    0.0258    0.4569    -0.0063
1.500    0.0326    0.4569    -0.0069
2.000    0.0392    0.4569    -0.0074
2.500    0.0454    0.4569    -0.0076
3.000    0.0512    0.4569    -0.0078
3.500    0.0570    0.4569    -0.0079
4.000    0.0627    0.4569    -0.0081
4.500    0.0685    0.4569    -0.0082
5.000    0.0743    0.4569    -0.0084
5.500    0.0799    0.4570    -0.0085
6.000    0.0854    0.4570    -0.0085
6.500    0.0907    0.4571    -0.0086
7.000    0.0958    0.4572    -0.0086
7.500    0.1007    0.4574    -0.0086
8.000    0.1054    0.4576    -0.0086
8.500    0.1097    0.4579    -0.0085
9.000    0.1137    0.4583    -0.0084
9.500    0.1177    0.4587    -0.0083
10.000    0.1208    0.4593    -0.0082
10.500    0.1237    0.4600    -0.0080
11.000    0.1259    0.4610    -0.0079
11.500    0.1280    0.4619    -0.0077
12.000    0.1301    0.4630    -0.0077
12.500    0.1320    0.4644    -0.0077
13.000    0.1336    0.4658    -0.0077
13.500    0.1359    0.4672    -0.0078
14.500    0.1402    0.4704    -0.0081
15.000    0.1426    0.4721    -0.0083
15.500    0.1441    0.4740    -0.0085
16.000    0.1457    0.4757    -0.0088
16.500    0.1472    0.4776    -0.0091
17.000    0.1485    0.4795    -0.0094
17.500    0.1501    0.4815    -0.0098
18.000    0.1518    0.4834    -0.0102
19.000    0.1547    0.4872    -0.0110
19.500    0.1561    0.4892    -0.0114
20.500    0.1588    0.4930    -0.0122
21.000    0.1599    0.4948    -0.0125
22.000    0.1616    0.4985    -0.0131
23.000    0.1632    0.5023    -0.0136
24.000    0.1644    0.5061    -0.0142
25.000    0.1654    0.5101    -0.0147
26.000    0.1662    0.5141    -0.0152
28.000    0.1673    0.5222    -0.0163
30.000    0.1682    0.5304    -0.0173
32.000    0.1692    0.5385    -0.0182
35.000    0.1704    0.5505    -0.0196
40.000    0.1681    0.5695    -0.0218
45.000    0.1608    0.5865    -0.0239
50.000    0.1493    0.6007    -0.0258
55.000    0.1344    0.6114    -0.0276
60.000    0.1169    0.6180    -0.0293
65.000    0.0977    0.6203    -0.0309
70.000    0.0777    0.6179    -0.0324
75.000    0.0581    0.6110    -0.0338
80.000    0.0397    0.6001    -0.0351
85.000    0.0236    0.5870    -0.0363
90.000    0.0110    0.5784    -0.0374
95.000    0.0002    0.5787    -0.0384
100.000    -0.0104    0.5777    -0.0392
105.000    -0.0208    0.5753    -0.0399
110.000    -0.0307    0.5717    -0.0404
115.000    -0.0400    0.5668    -0.0407
120.000    -0.0485    0.5606    -0.0408
125.000    -0.0559    0.5534    -0.0407
130.000    -0.0620    0.5451    -0.0402
135.000    -0.0666    0.5359    -0.0394
140.000    -0.0695    0.5259    -0.0382
145.000    -0.0704    0.5155    -0.0365
150.000    -0.0691    0.5047    -0.0341
155.000    -0.0653    0.4940    -0.0311
160.000    -0.0587    0.4836    -0.0273
170.000    -0.0362    0.4659    -0.0164
175.000    -0.0200    0.4620    -0.0090
180.000    0.0000    0.4612    0.0000
EOT 1
