AeroDyn airfoil file.  Compatible with AeroDyn v13.0.
This file was generated automatically by HARP_Opt.
This data represents a 77.9 percent thick airfoil, and was interpolated between the airfoil data in the files NREL5MW_1000.dat and NREL5MW_0400.dat.
  1           Number of airfoil tables in this file
 1.000         Table ID parameter (Reynolds number in millions)
 3.315         Stall angle (deg)
  0           Zero lift angle of attack (deg)
  0           Cn slope for zero lift (dimensionless)
  0           Cn at stall value for positive angle of attack
  0           Cn at stall value for negative angle of attack
  0           Angle of attack for minimum CD (deg)
  0           Minimum CD value
-180.000    0.0000    0.3380    0.0000
-175.000    0.0803    0.3416    0.0344
-170.000    0.1462    0.3566    0.0625
-160.000    0.2365    0.4280    0.1036
-155.000    0.2634    0.4698    0.1182
-150.000    0.2788    0.5131    0.1295
-145.000    0.2844    0.5565    0.1382
-140.000    0.2807    0.5989    0.1446
-135.000    0.2693    0.6391    0.1491
-130.000    0.2505    0.6764    0.1520
-125.000    0.2258    0.7099    0.1534
-120.000    0.1960    0.7394    0.1538
-115.000    0.1617    0.7642    0.1532
-110.000    0.1241    0.7842    0.1516
-105.000    0.0840    0.7990    0.1494
-100.000    0.0420    0.8086    0.1466
-95.000    -0.0007    0.8128    0.1432
-90.000    -0.0442    0.8116    0.1393
-85.000    -0.0869    0.8051    0.1349
-80.000    -0.1285    0.7933    0.1302
-75.000    -0.1680    0.7765    0.1250
-70.000    -0.2052    0.7548    0.1195
-65.000    -0.2383    0.7285    0.1136
-60.000    -0.2678    0.6980    0.1073
-55.000    -0.2917    0.6638    0.1007
-50.000    -0.3101    0.6263    0.0937
-45.000    -0.3219    0.5864    0.0863
-40.000    -0.3263    0.5448    0.0784
-35.000    -0.3223    0.5025    0.0702
-30.000    -0.3090    0.4607    0.0615
-25.000    -0.2862    0.4208    0.0524
-24.000    -0.2803    0.4131    0.0505
-23.000    -0.2740    0.4057    0.0486
-22.000    -0.2670    0.3984    0.0467
-21.000    -0.2600    0.3913    0.0448
-20.000    -0.2523    0.3844    0.0428
-19.000    -0.2438    0.3780    0.0404
-18.000    -0.2339    0.3723    0.0373
-17.000    -0.2228    0.3673    0.0334
-16.000    -0.2103    0.3630    0.0289
-15.000    -0.1967    0.3594    0.0238
-14.000    -0.1820    0.3564    0.0182
-13.000    -0.1665    0.3540    0.0122
-12.000    -0.1499    0.3522    0.0057
-11.000    -0.1326    0.3509    -0.0010
-10.000    -0.1146    0.3501    -0.0078
-8.000    -0.0766    0.3501    -0.0221
-6.000    -0.0409    0.3412    -0.0184
-5.500    -0.0331    0.3384    -0.0190
-5.000    -0.0265    0.3360    -0.0196
-4.500    -0.0239    0.3335    -0.0198
-4.000    -0.0199    0.3310    -0.0200
-3.500    -0.0063    0.3287    -0.0204
-3.000    0.0011    0.3268    -0.0206
-2.500    0.0052    0.3252    -0.0204
-2.000    0.0033    0.3231    -0.0197
-1.500    0.0015    0.3219    -0.0163
-1.000    0.0133    0.3212    -0.0173
-0.500    0.0269    0.3209    -0.0192
0.000    0.0505    0.3200    -0.0211
0.500    0.0785    0.3200    -0.0237
1.000    0.1076    0.3202    -0.0264
1.500    0.1359    0.3203    -0.0288
2.000    0.1635    0.3204    -0.0308
2.500    0.1893    0.3204    -0.0319
3.000    0.2136    0.3204    -0.0327
3.500    0.2376    0.3203    -0.0331
4.000    0.2615    0.3202    -0.0337
4.500    0.2858    0.3203    -0.0344
5.000    0.3098    0.3204    -0.0349
5.500    0.3330    0.3206    -0.0352
6.000    0.3562    0.3208    -0.0356
6.500    0.3783    0.3211    -0.0358
7.000    0.3993    0.3217    -0.0358
7.500    0.4199    0.3222    -0.0358
8.000    0.4394    0.3231    -0.0357
8.500    0.4575    0.3243    -0.0353
9.000    0.4740    0.3260    -0.0349
9.500    0.4910    0.3277    -0.0347
10.000    0.5039    0.3303    -0.0341
10.500    0.5157    0.3333    -0.0334
11.000    0.5249    0.3372    -0.0328
11.500    0.5337    0.3413    -0.0323
12.000    0.5426    0.3459    -0.0320
12.500    0.5503    0.3517    -0.0320
13.000    0.5573    0.3574    -0.0323
13.500    0.5665    0.3633    -0.0326
14.500    0.5845    0.3766    -0.0338
15.000    0.5945    0.3838    -0.0346
15.500    0.6008    0.3914    -0.0356
16.000    0.6074    0.3987    -0.0367
16.500    0.6136    0.4067    -0.0380
17.000    0.6192    0.4147    -0.0394
17.500    0.6258    0.4227    -0.0409
18.000    0.6332    0.4308    -0.0426
19.000    0.6450    0.4467    -0.0457
19.500    0.6508    0.4552    -0.0476
20.500    0.6623    0.4710    -0.0510
21.000    0.6667    0.4785    -0.0522
22.000    0.6740    0.4937    -0.0545
23.000    0.6803    0.5095    -0.0568
24.000    0.6855    0.5256    -0.0590
25.000    0.6895    0.5420    -0.0613
26.000    0.6928    0.5587    -0.0635
28.000    0.6976    0.5926    -0.0678
30.000    0.7013    0.6267    -0.0720
32.000    0.7054    0.6607    -0.0760
35.000    0.7105    0.7108    -0.0818
40.000    0.7009    0.7900    -0.0909
45.000    0.6704    0.8608    -0.0995
50.000    0.6225    0.9199    -0.1076
55.000    0.5606    0.9644    -0.1152
60.000    0.4873    0.9921    -0.1223
65.000    0.4074    1.0014    -0.1290
70.000    0.3241    0.9916    -0.1353
75.000    0.2424    0.9629    -0.1411
80.000    0.1654    0.9175    -0.1465
85.000    0.0983    0.8627    -0.1515
90.000    0.0457    0.8270    -0.1560
95.000    0.0007    0.8283    -0.1600
100.000    -0.0435    0.8239    -0.1634
105.000    -0.0866    0.8141    -0.1663
110.000    -0.1282    0.7989    -0.1684
115.000    -0.1669    0.7783    -0.1698
120.000    -0.2022    0.7528    -0.1703
125.000    -0.2332    0.7225    -0.1697
130.000    -0.2586    0.6879    -0.1677
135.000    -0.2777    0.6495    -0.1644
140.000    -0.2899    0.6081    -0.1592
145.000    -0.2936    0.5645    -0.1520
150.000    -0.2880    0.5196    -0.1423
155.000    -0.2722    0.4749    -0.1297
160.000    -0.2446    0.4317    -0.1136
170.000    -0.1510    0.3580    -0.0684
175.000    -0.0832    0.3417    -0.0376
180.000    0.0000    0.3380    0.0000
EOT 1
