AeroDyn airfoil file.  Compatible with AeroDyn v13.0.
This file was generated automatically by HARP_Opt.
This data represents a 88.4 percent thick airfoil, and was interpolated between the airfoil data in the files NREL5MW_1000.dat and NREL5MW_0400.dat.
  1           Number of airfoil tables in this file
 1.000         Table ID parameter (Reynolds number in millions)
 1.740         Stall angle (deg)
  0           Zero lift angle of attack (deg)
  0           Cn slope for zero lift (dimensionless)
  0           Cn at stall value for positive angle of attack
  0           Cn at stall value for negative angle of attack
  0           Angle of attack for minimum CD (deg)
  0           Minimum CD value
-180.000    0.0000    0.4150    0.0000
-175.000    0.0421    0.4168    0.0181
-170.000    0.0768    0.4247    0.0328
-160.000    0.1241    0.4622    0.0544
-155.000    0.1382    0.4841    0.0620
-150.000    0.1464    0.5069    0.0680
-145.000    0.1493    0.5297    0.0725
-140.000    0.1473    0.5519    0.0759
-135.000    0.1413    0.5730    0.0783
-130.000    0.1315    0.5926    0.0798
-125.000    0.1185    0.6102    0.0805
-120.000    0.1029    0.6256    0.0807
-115.000    0.0849    0.6387    0.0804
-110.000    0.0652    0.6492    0.0796
-105.000    0.0441    0.6569    0.0784
-100.000    0.0220    0.6620    0.0769
-95.000    -0.0004    0.6642    0.0751
-90.000    -0.0232    0.6636    0.0731
-85.000    -0.0456    0.6601    0.0708
-80.000    -0.0675    0.6540    0.0683
-75.000    -0.0882    0.6451    0.0656
-70.000    -0.1077    0.6337    0.0627
-65.000    -0.1251    0.6199    0.0596
-60.000    -0.1406    0.6039    0.0563
-55.000    -0.1531    0.5860    0.0528
-50.000    -0.1628    0.5663    0.0492
-45.000    -0.1690    0.5453    0.0453
-40.000    -0.1713    0.5235    0.0412
-35.000    -0.1692    0.5013    0.0368
-30.000    -0.1622    0.4794    0.0323
-25.000    -0.1502    0.4584    0.0275
-24.000    -0.1471    0.4544    0.0265
-23.000    -0.1438    0.4505    0.0255
-22.000    -0.1402    0.4467    0.0245
-21.000    -0.1365    0.4429    0.0235
-20.000    -0.1324    0.4393    0.0225
-19.000    -0.1280    0.4359    0.0212
-18.000    -0.1228    0.4330    0.0196
-17.000    -0.1170    0.4304    0.0175
-16.000    -0.1104    0.4281    0.0152
-15.000    -0.1032    0.4262    0.0125
-14.000    -0.0955    0.4246    0.0096
-13.000    -0.0874    0.4234    0.0064
-12.000    -0.0787    0.4224    0.0030
-11.000    -0.0696    0.4217    -0.0005
-10.000    -0.0601    0.4213    -0.0041
-8.000    -0.0402    0.4213    -0.0116
-6.000    -0.0215    0.4167    -0.0097
-5.500    -0.0174    0.4152    -0.0100
-5.000    -0.0139    0.4139    -0.0103
-4.500    -0.0126    0.4126    -0.0104
-4.000    -0.0104    0.4113    -0.0105
-3.500    -0.0033    0.4101    -0.0107
-3.000    0.0006    0.4091    -0.0108
-2.500    0.0027    0.4083    -0.0107
-2.000    0.0017    0.4072    -0.0103
-1.500    0.0008    0.4065    -0.0085
-1.000    0.0070    0.4062    -0.0091
-0.500    0.0141    0.4060    -0.0101
0.000    0.0265    0.4055    -0.0111
0.500    0.0412    0.4055    -0.0125
1.000    0.0565    0.4056    -0.0139
1.500    0.0713    0.4057    -0.0151
2.000    0.0858    0.4057    -0.0161
2.500    0.0994    0.4057    -0.0167
3.000    0.1121    0.4057    -0.0171
3.500    0.1247    0.4057    -0.0174
4.000    0.1373    0.4056    -0.0177
4.500    0.1500    0.4057    -0.0180
5.000    0.1626    0.4058    -0.0183
5.500    0.1748    0.4058    -0.0185
6.000    0.1870    0.4059    -0.0187
6.500    0.1986    0.4061    -0.0188
7.000    0.2096    0.4064    -0.0188
7.500    0.2204    0.4067    -0.0188
8.000    0.2306    0.4072    -0.0187
8.500    0.2401    0.4078    -0.0185
9.000    0.2488    0.4087    -0.0183
9.500    0.2577    0.4096    -0.0182
10.000    0.2645    0.4109    -0.0179
10.500    0.2707    0.4125    -0.0176
11.000    0.2755    0.4145    -0.0172
11.500    0.2801    0.4167    -0.0170
12.000    0.2848    0.4191    -0.0168
12.500    0.2888    0.4221    -0.0168
13.000    0.2925    0.4252    -0.0169
13.500    0.2973    0.4282    -0.0171
14.500    0.3068    0.4352    -0.0177
15.000    0.3120    0.4390    -0.0182
15.500    0.3153    0.4430    -0.0187
16.000    0.3188    0.4468    -0.0193
16.500    0.3221    0.4510    -0.0199
17.000    0.3250    0.4552    -0.0207
17.500    0.3285    0.4594    -0.0215
18.000    0.3323    0.4637    -0.0224
19.000    0.3385    0.4720    -0.0240
19.500    0.3416    0.4765    -0.0250
20.500    0.3476    0.4848    -0.0268
21.000    0.3499    0.4887    -0.0274
22.000    0.3538    0.4967    -0.0286
23.000    0.3571    0.5050    -0.0298
24.000    0.3598    0.5134    -0.0310
25.000    0.3619    0.5221    -0.0322
26.000    0.3637    0.5308    -0.0333
28.000    0.3662    0.5486    -0.0356
30.000    0.3681    0.5665    -0.0378
32.000    0.3702    0.5844    -0.0399
35.000    0.3729    0.6106    -0.0429
40.000    0.3679    0.6522    -0.0477
45.000    0.3519    0.6894    -0.0522
50.000    0.3267    0.7204    -0.0565
55.000    0.2943    0.7438    -0.0605
60.000    0.2558    0.7583    -0.0642
65.000    0.2138    0.7632    -0.0677
70.000    0.1701    0.7580    -0.0710
75.000    0.1272    0.7430    -0.0740
80.000    0.0868    0.7191    -0.0769
85.000    0.0516    0.6904    -0.0795
90.000    0.0240    0.6717    -0.0819
95.000    0.0004    0.6723    -0.0840
100.000    -0.0228    0.6700    -0.0858
105.000    -0.0454    0.6649    -0.0873
110.000    -0.0673    0.6569    -0.0884
115.000    -0.0876    0.6461    -0.0891
120.000    -0.1061    0.6327    -0.0894
125.000    -0.1224    0.6168    -0.0890
130.000    -0.1357    0.5986    -0.0880
135.000    -0.1458    0.5785    -0.0863
140.000    -0.1522    0.5567    -0.0836
145.000    -0.1541    0.5338    -0.0798
150.000    -0.1512    0.5103    -0.0747
155.000    -0.1429    0.4868    -0.0681
160.000    -0.1284    0.4642    -0.0596
170.000    -0.0793    0.4255    -0.0359
175.000    -0.0437    0.4169    -0.0198
180.000    0.0000    0.4150    0.0000
EOT 1
