AeroDyn airfoil file.  Compatible with AeroDyn v13.0.
This file was generated automatically by HARP_Opt.
This data represents a 73.5 percent thick airfoil, and was interpolated between the airfoil data in the files NREL5MW_1000.dat and NREL5MW_0400.dat.
  1           Number of airfoil tables in this file
 1.000         Table ID parameter (Reynolds number in millions)
 3.975         Stall angle (deg)
  0           Zero lift angle of attack (deg)
  0           Cn slope for zero lift (dimensionless)
  0           Cn at stall value for positive angle of attack
  0           Cn at stall value for negative angle of attack
  0           Angle of attack for minimum CD (deg)
  0           Minimum CD value
-180.000    0.0000    0.3058    0.0000
-175.000    0.0963    0.3100    0.0413
-170.000    0.1753    0.3281    0.0750
-160.000    0.2836    0.4137    0.1242
-155.000    0.3158    0.4637    0.1417
-150.000    0.3343    0.5157    0.1553
-145.000    0.3410    0.5678    0.1657
-140.000    0.3366    0.6186    0.1734
-135.000    0.3229    0.6668    0.1788
-130.000    0.3003    0.7115    0.1822
-125.000    0.2707    0.7518    0.1840
-120.000    0.2350    0.7870    0.1844
-115.000    0.1939    0.8169    0.1836
-110.000    0.1488    0.8408    0.1818
-105.000    0.1007    0.8585    0.1792
-100.000    0.0503    0.8700    0.1757
-95.000    -0.0009    0.8751    0.1717
-90.000    -0.0530    0.8737    0.1670
-85.000    -0.1042    0.8658    0.1618
-80.000    -0.1541    0.8517    0.1561
-75.000    -0.2014    0.8316    0.1499
-70.000    -0.2460    0.8055    0.1433
-65.000    -0.2858    0.7740    0.1362
-60.000    -0.3211    0.7374    0.1287
-55.000    -0.3498    0.6964    0.1207
-50.000    -0.3719    0.6514    0.1123
-45.000    -0.3860    0.6036    0.1034
-40.000    -0.3913    0.5537    0.0940
-35.000    -0.3865    0.5030    0.0842
-30.000    -0.3706    0.4528    0.0738
-25.000    -0.3432    0.4050    0.0628
-24.000    -0.3361    0.3959    0.0606
-23.000    -0.3286    0.3869    0.0583
-22.000    -0.3202    0.3782    0.0560
-21.000    -0.3118    0.3697    0.0537
-20.000    -0.3025    0.3614    0.0513
-19.000    -0.2924    0.3537    0.0485
-18.000    -0.2805    0.3469    0.0447
-17.000    -0.2672    0.3409    0.0401
-16.000    -0.2522    0.3357    0.0346
-15.000    -0.2359    0.3314    0.0285
-14.000    -0.2182    0.3278    0.0218
-13.000    -0.1996    0.3249    0.0146
-12.000    -0.1798    0.3227    0.0069
-11.000    -0.1590    0.3212    -0.0011
-10.000    -0.1374    0.3203    -0.0094
-8.000    -0.0919    0.3202    -0.0265
-6.000    -0.0490    0.3096    -0.0221
-5.500    -0.0398    0.3063    -0.0228
-5.000    -0.0318    0.3033    -0.0235
-4.500    -0.0287    0.3004    -0.0238
-4.000    -0.0239    0.2973    -0.0240
-3.500    -0.0075    0.2946    -0.0245
-3.000    0.0013    0.2924    -0.0246
-2.500    0.0062    0.2904    -0.0245
-2.000    0.0040    0.2879    -0.0236
-1.500    0.0018    0.2864    -0.0195
-1.000    0.0159    0.2857    -0.0207
-0.500    0.0322    0.2852    -0.0231
0.000    0.0605    0.2842    -0.0253
0.500    0.0941    0.2842    -0.0284
1.000    0.1290    0.2844    -0.0317
1.500    0.1630    0.2846    -0.0346
2.000    0.1961    0.2846    -0.0369
2.500    0.2270    0.2846    -0.0382
3.000    0.2562    0.2846    -0.0392
3.500    0.2849    0.2845    -0.0398
4.000    0.3136    0.2844    -0.0404
4.500    0.3427    0.2846    -0.0412
5.000    0.3714    0.2847    -0.0418
5.500    0.3993    0.2849    -0.0423
6.000    0.4271    0.2851    -0.0427
6.500    0.4536    0.2855    -0.0430
7.000    0.4788    0.2861    -0.0429
7.500    0.5035    0.2869    -0.0429
8.000    0.5269    0.2879    -0.0428
8.500    0.5485    0.2894    -0.0423
9.000    0.5684    0.2913    -0.0419
9.500    0.5887    0.2934    -0.0416
10.000    0.6042    0.2965    -0.0409
10.500    0.6183    0.3001    -0.0401
11.000    0.6294    0.3048    -0.0393
11.500    0.6400    0.3097    -0.0387
12.000    0.6506    0.3152    -0.0384
12.500    0.6598    0.3221    -0.0384
13.000    0.6682    0.3290    -0.0387
13.500    0.6793    0.3361    -0.0391
14.500    0.7009    0.3520    -0.0405
15.000    0.7128    0.3607    -0.0415
15.500    0.7204    0.3698    -0.0427
16.000    0.7283    0.3785    -0.0440
16.500    0.7358    0.3881    -0.0455
17.000    0.7424    0.3977    -0.0472
17.500    0.7504    0.4073    -0.0490
18.000    0.7592    0.4170    -0.0511
19.000    0.7734    0.4361    -0.0549
19.500    0.7804    0.4462    -0.0570
20.500    0.7941    0.4652    -0.0611
21.000    0.7994    0.4742    -0.0625
22.000    0.8083    0.4925    -0.0653
23.000    0.8158    0.5114    -0.0681
24.000    0.8219    0.5307    -0.0708
25.000    0.8268    0.5504    -0.0735
26.000    0.8308    0.5704    -0.0761
28.000    0.8365    0.6110    -0.0813
30.000    0.8409    0.6520    -0.0863
32.000    0.8458    0.6927    -0.0911
35.000    0.8520    0.7527    -0.0980
40.000    0.8405    0.8477    -0.1090
45.000    0.8038    0.9327    -0.1193
50.000    0.7464    1.0035    -0.1290
55.000    0.6722    1.0569    -0.1381
60.000    0.5843    1.0901    -0.1467
65.000    0.4885    1.1013    -0.1547
70.000    0.3887    1.0895    -0.1622
75.000    0.2906    1.0550    -0.1692
80.000    0.1983    1.0006    -0.1757
85.000    0.1179    0.9349    -0.1816
90.000    0.0548    0.8922    -0.1870
95.000    0.0009    0.8936    -0.1918
100.000    -0.0521    0.8884    -0.1960
105.000    -0.1038    0.8767    -0.1994
110.000    -0.1537    0.8584    -0.2020
115.000    -0.2001    0.8338    -0.2036
120.000    -0.2425    0.8032    -0.2042
125.000    -0.2796    0.7668    -0.2034
130.000    -0.3100    0.7253    -0.2011
135.000    -0.3330    0.6793    -0.1971
140.000    -0.3476    0.6296    -0.1909
145.000    -0.3520    0.5773    -0.1823
150.000    -0.3454    0.5235    -0.1706
155.000    -0.3264    0.4699    -0.1555
160.000    -0.2933    0.4182    -0.1363
170.000    -0.1811    0.3297    -0.0821
175.000    -0.0998    0.3102    -0.0451
180.000    0.0000    0.3058    0.0000
EOT 1
