AeroDyn airfoil file.  Compatible with AeroDyn v13.0.
This file was generated automatically by HARP_Opt.
This data represents a 28 percent thick airfoil, and was interpolated between the airfoil data in the files NREL5MW_0300.dat and NREL5MW_0250.dat.
  1           Number of airfoil tables in this file
 1.000         Table ID parameter (Reynolds number in millions)
 8.800         Stall angle (deg)
  0           Zero lift angle of attack (deg)
  0           Cn slope for zero lift (dimensionless)
  0           Cn at stall value for positive angle of attack
  0           Cn at stall value for negative angle of attack
  0           Angle of attack for minimum CD (deg)
  0           Minimum CD value
-180.000    0.0000    0.0241    0.0000
-175.000    0.3116    0.0352    0.1565
-170.000    0.6222    0.0958    0.3147
-160.000    0.6890    0.2865    0.2716
-155.000    0.7704    0.4015    0.3089
-150.000    0.8208    0.5225    0.3378
-145.000    0.8416    0.6451    0.3595
-140.000    0.8376    0.7658    0.3752
-135.000    0.8096    0.8813    0.3857
-130.000    0.7620    0.9894    0.3921
-125.000    0.6960    1.0879    0.3948
-120.000    0.6150    1.1753    0.3944
-115.000    0.5210    1.2502    0.3915
-110.000    0.4170    1.3118    0.3864
-105.000    0.3056    1.3591    0.3794
-100.000    0.1872    1.3919    0.3708
-95.000    0.0658    1.4096    0.3609
-90.000    -0.0566    1.4122    0.3497
-85.000    -0.1790    1.3997    0.3374
-80.000    -0.2988    1.3723    0.3241
-75.000    -0.4132    1.3302    0.3099
-70.000    -0.5210    1.2739    0.2947
-65.000    -0.6200    1.2042    0.2787
-60.000    -0.7072    1.1220    0.2619
-55.000    -0.7806    1.0283    0.2442
-50.000    -0.8384    0.9249    0.2257
-45.000    -0.8778    0.8133    0.2064
-40.000    -0.8962    0.6959    0.1862
-35.000    -0.8906    0.5753    0.1652
-30.000    -0.8596    0.4548    0.1435
-25.000    -0.8204    0.3391    0.1196
-24.000    -0.8280    0.3172    0.1134
-23.000    -0.8448    0.2956    0.1061
-22.000    -0.8682    0.2743    0.0979
-21.000    -0.8982    0.2534    0.0888
-20.000    -0.9338    0.2328    0.0789
-19.000    -0.9734    0.2127    0.0684
-18.000    -1.0166    0.1931    0.0574
-17.000    -1.0626    0.1740    0.0459
-16.000    -1.1090    0.1555    0.0341
-15.250    -1.1441    0.1421    0.0251
-14.240    -1.1184    0.1214    0.0122
-13.240    -1.0803    0.1006    -0.0023
-12.220    -1.0151    0.0764    -0.0185
-11.220    -0.9436    0.0650    -0.0281
-10.190    -0.8570    0.0560    -0.0379
-9.700    -0.8157    0.0523    -0.0418
-9.180    -0.7685    0.0473    -0.0472
-8.180    -0.7145    0.0251    -0.0622
-7.190    -0.6217    0.0152    -0.0679
-6.650    -0.5475    0.0139    -0.0731
-6.130    -0.4743    0.0128    -0.0778
-6.000    -0.4568    0.0106    -0.0818
-5.500    -0.3846    0.0098    -0.0858
-5.000    -0.3172    0.0087    -0.0921
-4.500    -0.2492    0.0084    -0.0949
-4.000    -0.1842    0.0083    -0.0977
-3.500    -0.1206    0.0081    -0.1005
-3.000    -0.0524    0.0081    -0.1032
-2.500    0.0154    0.0080    -0.1058
-2.000    0.0826    0.0080    -0.1082
-1.500    0.1498    0.0080    -0.1105
-1.000    0.2160    0.0080    -0.1128
-0.500    0.2822    0.0080    -0.1149
0.000    0.3504    0.0078    -0.1169
0.282    0.3872    0.0078    -0.1181
0.564    0.4240    0.0078    -0.1193
0.845    0.4613    0.0079    -0.1204
1.125    0.4981    0.0079    -0.1215
1.404    0.5342    0.0080    -0.1226
1.682    0.5707    0.0081    -0.1236
1.958    0.6072    0.0081    -0.1246
2.232    0.6427    0.0082    -0.1256
2.504    0.6779    0.0082    -0.1265
2.773    0.7127    0.0083    -0.1274
3.039    0.7467    0.0083    -0.1282
3.302    0.7802    0.0084    -0.1290
3.562    0.8135    0.0084    -0.1297
3.818    0.8466    0.0085    -0.1305
4.070    0.8787    0.0086    -0.1312
4.318    0.9099    0.0087    -0.1318
4.562    0.9407    0.0088    -0.1323
4.801    0.9697    0.0089    -0.1325
5.035    0.9971    0.0090    -0.1327
5.263    1.0237    0.0091    -0.1328
5.487    1.0498    0.0094    -0.1329
5.704    1.0752    0.0096    -0.1329
5.916    1.0999    0.0098    -0.1329
6.122    1.1237    0.0100    -0.1330
6.321    1.1465    0.0103    -0.1329
6.514    1.1682    0.0107    -0.1329
6.701    1.1892    0.0110    -0.1328
6.880    1.2091    0.0113    -0.1326
7.052    1.2277    0.0117    -0.1324
7.218    1.2455    0.0120    -0.1322
7.375    1.2621    0.0122    -0.1320
7.525    1.2766    0.0126    -0.1317
7.668    1.2904    0.0130    -0.1309
7.802    1.3031    0.0133    -0.1301
7.929    1.3133    0.0136    -0.1294
8.047    1.3226    0.0139    -0.1287
8.157    1.3314    0.0142    -0.1279
8.259    1.3395    0.0145    -0.1271
8.352    1.3467    0.0147    -0.1265
8.436    1.3533    0.0149    -0.1259
8.512    1.3592    0.0152    -0.1253
8.579    1.3644    0.0153    -0.1248
8.638    1.3690    0.0155    -0.1244
8.687    1.3728    0.0156    -0.1240
8.728    1.3760    0.0158    -0.1237
8.759    1.3784    0.0158    -0.1235
8.782    1.3802    0.0159    -0.1234
8.795    1.3812    0.0159    -0.1233
8.800    1.3816    0.0160    -0.1232
8.819    1.3828    0.0160    -0.1231
8.874    1.3865    0.0162    -0.1227
8.967    1.3926    0.0165    -0.1220
9.097    1.4011    0.0169    -0.1209
9.264    1.4120    0.0174    -0.1194
9.468    1.4250    0.0184    -0.1175
9.708    1.4402    0.0196    -0.1155
9.984    1.4546    0.0214    -0.1132
10.296    1.4691    0.0237    -0.1106
10.644    1.4751    0.0273    -0.1078
11.027    1.4733    0.0318    -0.1048
11.446    1.4647    0.0376    -0.1015
11.898    1.4536    0.0445    -0.0986
12.385    1.4371    0.0533    -0.0959
12.905    1.3751    0.0679    -0.0935
13.458    1.3317    0.0823    -0.0920
14.044    1.3097    0.0978    -0.0919
14.661    1.3048    0.1146    -0.0936
15.310    1.3057    0.1335    -0.0965
15.989    1.3115    0.1533    -0.1005
16.698    1.3118    0.1726    -0.1047
17.436    1.3212    0.1918    -0.1096
18.202    1.3285    0.2106    -0.1150
18.996    1.3501    0.2301    -0.1215
19.816    1.3758    0.2487    -0.1284
20.663    1.4023    0.2689    -0.1364
21.534    1.3933    0.2939    -0.1431
22.430    1.3697    0.3205    -0.1486
23.348    1.3445    0.3483    -0.1541
24.289    1.3185    0.3772    -0.1597
25.252    1.2921    0.4071    -0.1654
26.234    1.2664    0.4380    -0.1711
27.236    1.2424    0.4696    -0.1768
28.256    1.2197    0.5018    -0.1826
29.293    1.2018    0.5345    -0.1883
30.347    1.1870    0.5675    -0.1941
31.415    1.1788    0.6005    -0.1999
32.498    1.1761    0.6334    -0.2056
33.593    1.1799    0.6662    -0.2112
34.700    1.1838    0.6994    -0.2170
35.818    1.1842    0.7322    -0.2225
36.945    1.1832    0.7651    -0.2281
38.080    1.1822    0.7983    -0.2337
39.222    1.1811    0.8316    -0.2393
40.371    1.1778    0.8645    -0.2448
41.524    1.1694    0.8962    -0.2502
42.681    1.1610    0.9280    -0.2556
43.840    1.1526    0.9598    -0.2609
45.000    1.1442    0.9917    -0.2663
50.000    1.0796    1.1163    -0.2881
55.000    0.9910    1.2241    -0.3087
60.000    0.8832    1.3121    -0.3280
65.000    0.7602    1.3782    -0.3461
70.000    0.6270    1.4207    -0.3631
75.000    0.4878    1.4394    -0.3789
80.000    0.3476    1.4352    -0.3936
85.000    0.2114    1.4134    -0.4071
90.000    0.0840    1.3957    -0.4194
95.000    -0.0380    1.3955    -0.4303
100.000    -0.1580    1.3803    -0.4399
105.000    -0.2750    1.3502    -0.4477
110.000    -0.3870    1.3054    -0.4537
115.000    -0.4906    1.2465    -0.4576
120.000    -0.5852    1.1741    -0.4589
125.000    -0.6668    1.0892    -0.4574
130.000    -0.7334    0.9930    -0.4525
135.000    -0.7830    0.8871    -0.4435
140.000    -0.8126    0.7733    -0.4297
145.000    -0.8194    0.6541    -0.4103
150.000    -0.8006    0.5324    -0.3843
155.000    -0.7532    0.4118    -0.3504
160.000    -0.6754    0.2965    -0.3070
170.000    -0.6222    0.1029    -0.3154
175.000    -0.3116    0.0375    -0.1566
180.000    0.0000    0.0241    0.0000
EOT 1
