AeroDyn airfoil file.  Compatible with AeroDyn v13.0.
This file was generated automatically by HARP_Opt.
This data represents a 35.4 percent thick airfoil, and was interpolated between the airfoil data in the files NREL5MW_0400.dat and NREL5MW_0350.dat.
  1           Number of airfoil tables in this file
 1.000         Table ID parameter (Reynolds number in millions)
11.300         Stall angle (deg)
  0           Zero lift angle of attack (deg)
  0           Cn slope for zero lift (dimensionless)
  0           Cn at stall value for positive angle of attack
  0           Cn at stall value for negative angle of attack
  0           Angle of attack for minimum CD (deg)
  0           Minimum CD value
-180.000    0.0000    0.0423    0.0000
-175.000    0.2226    0.0522    0.0937
-170.000    0.4044    0.1059    0.1702
-160.000    0.6567    0.2987    0.2819
-155.000    0.7316    0.4126    0.3213
-150.000    0.7763    0.5312    0.3520
-145.000    0.7932    0.6506    0.3754
-140.000    0.7850    0.7673    0.3926
-135.000    0.7549    0.8784    0.4046
-130.000    0.7058    0.9817    0.4121
-125.000    0.6388    1.0752    0.4160
-120.000    0.5578    1.1574    0.4168
-115.000    0.4648    1.2272    0.4147
-110.000    0.3628    1.2837    0.4105
-105.000    0.2528    1.3262    0.4042
-100.000    0.1370    1.3543    0.3962
-95.000    0.0192    1.3676    0.3869
-90.000    -0.0998    1.3662    0.3761
-85.000    -0.2176    1.3502    0.3641
-80.000    -0.3324    1.3198    0.3510
-75.000    -0.4422    1.2752    0.3369
-70.000    -0.5450    1.2171    0.3218
-65.000    -0.6387    1.1463    0.3056
-60.000    -0.7206    1.0637    0.2886
-55.000    -0.7883    0.9705    0.2705
-50.000    -0.8402    0.8683    0.2514
-45.000    -0.8749    0.7590    0.2313
-40.000    -0.8888    0.6446    0.2101
-35.000    -0.8796    0.5280    0.1878
-30.000    -0.8454    0.4124    0.1643
-25.000    -0.7834    0.3016    0.1398
-24.000    -0.7674    0.2803    0.1347
-23.000    -0.7504    0.2595    0.1296
-22.000    -0.7324    0.2391    0.1245
-21.000    -0.7134    0.2193    0.1193
-20.000    -0.6924    0.1999    0.1141
-19.000    -0.6703    0.1811    0.1087
-18.000    -0.6470    0.1631    0.1030
-17.000    -0.6225    0.1460    0.0970
-16.000    -0.5986    0.1298    0.0889
-15.000    -0.5754    0.1148    0.0787
-14.000    -0.5538    0.1008    0.0667
-13.000    -0.5320    0.0881    0.0530
-12.000    -0.5100    0.0763    0.0378
-11.000    -0.4879    0.0658    0.0213
-10.000    -0.4665    0.0566    0.0038
-8.000    -0.4190    0.0446    -0.0348
-6.000    -0.3721    0.0308    -0.0694
-5.500    -0.3595    0.0273    -0.0777
-5.000    -0.3361    0.0249    -0.0779
-4.500    -0.3360    0.0217    -0.0779
-4.000    -0.3274    0.0192    -0.0780
-3.500    -0.2793    0.0176    -0.0780
-3.000    -0.2206    0.0245    -0.0618
-2.500    -0.1488    0.0193    -0.0664
-2.000    -0.0830    0.0163    -0.0698
-1.500    -0.0172    0.0139    -0.0722
-1.000    0.0507    0.0120    -0.0753
-0.500    0.1172    0.0107    -0.0783
0.000    0.1913    0.0096    -0.0810
0.362    0.2417    0.0097    -0.0836
0.724    0.2925    0.0098    -0.0861
1.085    0.3434    0.0100    -0.0886
1.445    0.3935    0.0101    -0.0909
1.803    0.4429    0.0101    -0.0929
2.160    0.4918    0.0103    -0.0948
2.514    0.5404    0.0104    -0.0965
2.866    0.5883    0.0105    -0.0981
3.215    0.6349    0.0105    -0.0996
3.561    0.6809    0.0106    -0.1009
3.903    0.7273    0.0106    -0.1023
4.241    0.7725    0.0107    -0.1037
4.574    0.8168    0.0108    -0.1050
4.903    0.8602    0.0109    -0.1062
5.227    0.9029    0.0109    -0.1074
5.545    0.9449    0.0110    -0.1084
5.858    0.9861    0.0111    -0.1093
6.165    1.0255    0.0113    -0.1101
6.465    1.0638    0.0114    -0.1106
6.759    1.1008    0.0116    -0.1111
7.045    1.1372    0.0117    -0.1116
7.325    1.1729    0.0118    -0.1121
7.597    1.2067    0.0120    -0.1126
7.861    1.2394    0.0122    -0.1128
8.117    1.2691    0.0125    -0.1128
8.365    1.2976    0.0128    -0.1125
8.604    1.3217    0.0132    -0.1118
8.835    1.3450    0.0135    -0.1107
9.056    1.3689    0.0140    -0.1098
9.268    1.3918    0.0144    -0.1093
9.470    1.4134    0.0149    -0.1088
9.663    1.4338    0.0155    -0.1083
9.846    1.4530    0.0160    -0.1078
10.019    1.4697    0.0166    -0.1072
10.181    1.4853    0.0173    -0.1065
10.333    1.4998    0.0178    -0.1059
10.474    1.5131    0.0184    -0.1053
10.605    1.5254    0.0190    -0.1047
10.724    1.5366    0.0195    -0.1043
10.833    1.5464    0.0200    -0.1038
10.930    1.5541    0.0207    -0.1034
11.017    1.5609    0.0213    -0.1031
11.092    1.5668    0.0218    -0.1026
11.155    1.5718    0.0222    -0.1023
11.207    1.5759    0.0226    -0.1019
11.248    1.5791    0.0228    -0.1017
11.277    1.5814    0.0230    -0.1015
11.294    1.5828    0.0232    -0.1014
11.300    1.5832    0.0232    -0.1014
11.317    1.5844    0.0234    -0.1013
11.369    1.5880    0.0238    -0.1010
11.456    1.5938    0.0245    -0.1005
11.577    1.6021    0.0256    -0.0997
11.732    1.6126    0.0269    -0.0988
11.921    1.6253    0.0287    -0.0976
12.145    1.6401    0.0311    -0.0964
12.402    1.6557    0.0343    -0.0951
12.693    1.6705    0.0389    -0.0937
13.017    1.6837    0.0446    -0.0920
13.374    1.6937    0.0515    -0.0902
13.763    1.6916    0.0612    -0.0882
14.184    1.6866    0.0749    -0.0862
14.637    1.6765    0.0916    -0.0845
15.122    1.6638    0.1101    -0.0843
15.637    1.6472    0.1304    -0.0846
16.182    1.6234    0.1536    -0.0872
16.756    1.6001    0.1783    -0.0915
17.360    1.5746    0.2055    -0.0978
17.992    1.5561    0.2375    -0.1059
18.652    1.5551    0.2643    -0.1128
19.339    1.5604    0.2910    -0.1202
20.053    1.5780    0.3171    -0.1259
20.792    1.5800    0.3443    -0.1311
21.555    1.5808    0.3731    -0.1362
22.343    1.5799    0.4032    -0.1415
23.155    1.5774    0.4346    -0.1469
23.988    1.5740    0.4674    -0.1524
24.844    1.5703    0.5015    -0.1579
25.720    1.5657    0.5368    -0.1635
26.615    1.5613    0.5730    -0.1691
27.530    1.5569    0.6100    -0.1747
28.463    1.5539    0.6476    -0.1802
29.412    1.5523    0.6856    -0.1857
30.378    1.5528    0.7240    -0.1912
31.359    1.5565    0.7623    -0.1965
32.354    1.5607    0.8008    -0.2018
33.361    1.5658    0.8391    -0.2070
34.381    1.5710    0.8779    -0.2122
35.411    1.5728    0.9166    -0.2174
36.452    1.5696    0.9547    -0.2225
37.501    1.5663    0.9931    -0.2276
38.558    1.5631    1.0318    -0.2328
39.621    1.5598    1.0708    -0.2380
40.691    1.5504    1.1077    -0.2430
41.764    1.5375    1.1436    -0.2479
42.841    1.5247    1.1796    -0.2529
43.920    1.5118    1.2156    -0.2579
45.000    1.4989    1.2517    -0.2628
50.000    1.4011    1.3959    -0.2846
55.000    1.2708    1.5116    -0.3050
60.000    1.1151    1.5939    -0.3243
65.000    0.9422    1.6395    -0.3424
70.000    0.7604    1.6466    -0.3593
75.000    0.5770    1.6154    -0.3752
80.000    0.4002    1.5496    -0.3899
85.000    0.2394    1.4618    -0.4035
90.000    0.1028    1.4028    -0.4158
95.000    -0.0201    1.4042    -0.4268
100.000    -0.1410    1.3904    -0.4363
105.000    -0.2589    1.3617    -0.4443
110.000    -0.3719    1.3182    -0.4504
115.000    -0.4778    1.2604    -0.4544
120.000    -0.5729    1.1889    -0.4559
125.000    -0.6569    1.1046    -0.4545
130.000    -0.7250    1.0087    -0.4497
135.000    -0.7761    0.9028    -0.4410
140.000    -0.8072    0.7887    -0.4274
145.000    -0.8163    0.6689    -0.4082
150.000    -0.7986    0.5463    -0.3824
155.000    -0.7528    0.4243    -0.3487
160.000    -0.6760    0.3072    -0.3056
170.000    -0.4164    0.1090    -0.1843
175.000    -0.2288    0.0525    -0.1014
180.000    0.0000    0.0423    0.0000
EOT 1
