AeroDyn airfoil file.  Compatible with AeroDyn v13.0.
This file was generated automatically by HARP_Opt.
This data represents a 18.6 percent thick airfoil, and was interpolated between the airfoil data in the files NREL5MW_0210.dat and NREL5MW_0180.dat.
  1           Number of airfoil tables in this file
 1.000         Table ID parameter (Reynolds number in millions)
 8.800         Stall angle (deg)
  0           Zero lift angle of attack (deg)
  0           Cn slope for zero lift (dimensionless)
  0           Cn at stall value for positive angle of attack
  0           Cn at stall value for negative angle of attack
  0           Angle of attack for minimum CD (deg)
  0           Minimum CD value
-180.000    0.0000    0.0195    0.0000
-175.000    0.3780    0.0339    0.1900
-170.000    0.7568    0.0953    0.3809
-160.000    0.6612    0.2807    0.2745
-155.000    0.7386    0.3922    0.3128
-150.000    0.7858    0.5091    0.3425
-145.000    0.8060    0.6275    0.3650
-140.000    0.8010    0.7439    0.3816
-135.000    0.7740    0.8552    0.3930
-130.000    0.7270    0.9592    0.4002
-125.000    0.6630    1.0540    0.4036
-120.000    0.5840    1.1379    0.4040
-115.000    0.4938    1.2097    0.4018
-110.000    0.3926    1.2686    0.3973
-105.000    0.2844    1.3136    0.3910
-100.000    0.1710    1.3444    0.3830
-95.000    0.0536    1.3608    0.3734
-90.000    -0.0656    1.3624    0.3627
-85.000    -0.1830    1.3494    0.3508
-80.000    -0.2982    1.3220    0.3378
-75.000    -0.4086    1.2804    0.3238
-70.000    -0.5120    1.2251    0.3089
-65.000    -0.6064    1.1571    0.2930
-60.000    -0.6898    1.0769    0.2762
-55.000    -0.7600    0.9858    0.2585
-50.000    -0.8152    0.8854    0.2399
-45.000    -0.8514    0.7774    0.2202
-40.000    -0.8678    0.6639    0.1996
-35.000    -0.8618    0.5477    0.1780
-30.000    -0.8308    0.4317    0.1554
-25.000    -0.8406    0.3108    0.1177
-24.000    -0.8548    0.2854    0.1066
-23.000    -0.8730    0.2597    0.0945
-22.000    -0.8930    0.2339    0.0814
-21.000    -0.9158    0.2081    0.0677
-20.000    -0.9402    0.1825    0.0533
-19.000    -0.9654    0.1571    0.0384
-18.000    -0.9902    0.1322    0.0232
-17.000    -1.0584    0.1069    0.0124
-16.000    -1.0902    0.0817    -0.0040
-15.000    -1.0906    0.0566    -0.0257
-14.500    -1.0832    0.0441    -0.0344
-12.010    -0.9147    0.0162    -0.0635
-11.000    -0.8256    0.0157    -0.0650
-9.980    -0.7323    0.0146    -0.0681
-8.120    -0.5008    0.0098    -0.0806
-7.620    -0.4445    0.0093    -0.0836
-7.110    -0.3877    0.0088    -0.0861
-6.600    -0.3291    0.0084    -0.0877
-6.500    -0.3178    0.0085    -0.0879
-6.000    -0.2602    0.0082    -0.0888
-5.500    -0.2016    0.0079    -0.0898
-5.000    -0.1434    0.0077    -0.0907
-4.500    -0.0768    0.0073    -0.0923
-4.000    -0.0104    0.0070    -0.0938
-3.500    0.0444    0.0067    -0.0959
-3.000    0.0994    0.0063    -0.0980
-2.500    0.1620    0.0059    -0.0997
-2.000    0.2244    0.0055    -0.1013
-1.500    0.2830    0.0054    -0.1026
-1.000    0.3416    0.0053    -0.1039
-0.500    0.3996    0.0053    -0.1059
0.000    0.4578    0.0053    -0.1079
0.282    0.4905    0.0053    -0.1094
0.564    0.5232    0.0053    -0.1109
0.845    0.5558    0.0053    -0.1125
1.125    0.5883    0.0053    -0.1139
1.404    0.6206    0.0054    -0.1151
1.682    0.6527    0.0054    -0.1164
1.958    0.6847    0.0054    -0.1176
2.232    0.7165    0.0054    -0.1184
2.504    0.7478    0.0054    -0.1192
2.773    0.7788    0.0055    -0.1200
3.039    0.8095    0.0055    -0.1208
3.302    0.8398    0.0055    -0.1217
3.562    0.8697    0.0056    -0.1225
3.818    0.8992    0.0056    -0.1233
4.070    0.9271    0.0057    -0.1241
4.318    0.9542    0.0059    -0.1248
4.562    0.9810    0.0060    -0.1255
4.801    1.0073    0.0062    -0.1262
5.035    1.0306    0.0067    -0.1267
5.263    1.0519    0.0074    -0.1265
5.487    1.0727    0.0081    -0.1264
5.704    1.0930    0.0088    -0.1261
5.916    1.1122    0.0094    -0.1259
6.122    1.1290    0.0098    -0.1252
6.321    1.1452    0.0103    -0.1243
6.514    1.1608    0.0107    -0.1234
6.701    1.1759    0.0111    -0.1225
6.880    1.1903    0.0114    -0.1216
7.052    1.2040    0.0116    -0.1209
7.218    1.2170    0.0119    -0.1205
7.375    1.2294    0.0120    -0.1200
7.525    1.2411    0.0122    -0.1196
7.668    1.2522    0.0124    -0.1191
7.802    1.2626    0.0126    -0.1187
7.929    1.2720    0.0127    -0.1183
8.047    1.2807    0.0129    -0.1180
8.157    1.2889    0.0130    -0.1178
8.259    1.2963    0.0132    -0.1176
8.352    1.3027    0.0133    -0.1175
8.436    1.3083    0.0134    -0.1174
8.512    1.3134    0.0135    -0.1173
8.579    1.3178    0.0136    -0.1171
8.638    1.3217    0.0136    -0.1170
8.687    1.3249    0.0137    -0.1169
8.728    1.3276    0.0138    -0.1169
8.759    1.3297    0.0138    -0.1168
8.782    1.3312    0.0138    -0.1168
8.795    1.3321    0.0138    -0.1167
8.800    1.3324    0.0139    -0.1167
8.819    1.3335    0.0139    -0.1167
8.874    1.3368    0.0140    -0.1166
8.967    1.3422    0.0141    -0.1164
9.097    1.3499    0.0143    -0.1161
9.264    1.3597    0.0146    -0.1157
9.468    1.3700    0.0150    -0.1152
9.708    1.3817    0.0155    -0.1147
9.984    1.3912    0.0192    -0.1140
10.296    1.3995    0.0254    -0.1134
10.644    1.4019    0.0324    -0.1127
11.027    1.4026    0.0402    -0.1121
11.446    1.4031    0.0486    -0.1118
11.898    1.4057    0.0578    -0.1120
12.385    1.4108    0.0679    -0.1120
12.905    1.4165    0.0788    -0.1107
13.458    1.4169    0.0906    -0.1083
14.044    1.4125    0.1031    -0.1062
14.661    1.4108    0.1161    -0.1052
15.310    1.4130    0.1300    -0.1055
15.989    1.4145    0.1444    -0.1061
16.698    1.4109    0.1595    -0.1057
17.436    1.4133    0.1753    -0.1041
18.202    1.4223    0.1918    -0.1049
18.996    1.4192    0.2087    -0.1059
19.816    1.4062    0.2263    -0.1073
20.663    1.3908    0.2443    -0.1131
21.534    1.3631    0.2631    -0.1172
22.430    1.3178    0.2831    -0.1208
23.348    1.2590    0.3033    -0.1284
24.289    1.1976    0.3230    -0.1390
25.252    1.1488    0.3421    -0.1438
26.234    1.0999    0.3619    -0.1487
27.236    1.0518    0.3823    -0.1536
28.256    1.0046    0.4032    -0.1585
29.293    0.9619    0.4248    -0.1635
30.347    0.9221    0.4469    -0.1685
31.415    0.8891    0.4697    -0.1735
32.498    0.8641    0.4931    -0.1786
33.593    0.8488    0.5173    -0.1837
34.700    0.8333    0.5417    -0.1888
35.818    0.8299    0.5673    -0.1940
36.945    0.8308    0.5934    -0.1991
38.080    0.8317    0.6196    -0.2044
39.222    0.8326    0.6460    -0.2096
40.371    0.8322    0.6725    -0.2148
41.524    0.8291    0.6989    -0.2198
42.681    0.8261    0.7253    -0.2249
43.840    0.8231    0.7518    -0.2299
45.000    0.8200    0.7783    -0.2350
50.000    0.7872    0.8887    -0.2559
55.000    0.7378    0.9936    -0.2757
60.000    0.6728    1.0914    -0.2945
65.000    0.5948    1.1808    -0.3123
70.000    0.5040    1.2610    -0.3292
75.000    0.4034    1.3308    -0.3450
80.000    0.2936    1.3888    -0.3599
85.000    0.1766    1.4328    -0.3737
90.000    0.0530    1.4554    -0.3864
95.000    -0.0738    1.4522    -0.3979
100.000    -0.1988    1.4335    -0.4081
105.000    -0.3206    1.3994    -0.4168
110.000    -0.4356    1.3502    -0.4237
115.000    -0.5426    1.2865    -0.4286
120.000    -0.6394    1.2091    -0.4311
125.000    -0.7224    1.1188    -0.4309
130.000    -0.7894    1.0172    -0.4275
135.000    -0.8392    0.9058    -0.4201
140.000    -0.8672    0.7866    -0.4081
145.000    -0.8714    0.6623    -0.3907
150.000    -0.8494    0.5360    -0.3668
155.000    -0.7974    0.4113    -0.3352
160.000    -0.7134    0.2929    -0.2944
170.000    -0.7568    0.0971    -0.3810
175.000    -0.3780    0.0334    -0.1899
180.000    0.0000    0.0195    0.0000
EOT 1
