AeroDyn airfoil file.  Compatible with AeroDyn v13.0.
This file was generated automatically by HARP_Opt.
This data represents a 51.9 percent thick airfoil, and was interpolated between the airfoil data in the files NREL5MW_1000.dat and NREL5MW_0400.dat.
  1           Number of airfoil tables in this file
 1.000         Table ID parameter (Reynolds number in millions)
 7.215         Stall angle (deg)
  0           Zero lift angle of attack (deg)
  0           Cn slope for zero lift (dimensionless)
  0           Cn at stall value for positive angle of attack
  0           Cn at stall value for negative angle of attack
  0           Angle of attack for minimum CD (deg)
  0           Minimum CD value
-180.000    0.0000    0.1474    0.0000
-175.000    0.1748    0.1552    0.0749
-170.000    0.3183    0.1879    0.1360
-160.000    0.5147    0.3433    0.2255
-155.000    0.5732    0.4342    0.2572
-150.000    0.6069    0.5285    0.2819
-145.000    0.6189    0.6231    0.3008
-140.000    0.6109    0.7152    0.3147
-135.000    0.5860    0.8028    0.3245
-130.000    0.5451    0.8838    0.3308
-125.000    0.4914    0.9569    0.3340
-120.000    0.4265    1.0210    0.3348
-115.000    0.3519    1.0751    0.3333
-110.000    0.2702    1.1186    0.3300
-105.000    0.1828    1.1508    0.3252
-100.000    0.0914    1.1716    0.3190
-95.000    -0.0016    1.1808    0.3116
-90.000    -0.0962    1.1782    0.3031
-85.000    -0.1892    1.1640    0.2937
-80.000    -0.2798    1.1384    0.2833
-75.000    -0.3656    1.1018    0.2721
-70.000    -0.4465    1.0546    0.2601
-65.000    -0.5187    0.9974    0.2472
-60.000    -0.5828    0.9310    0.2336
-55.000    -0.6349    0.8564    0.2191
-50.000    -0.6750    0.7749    0.2039
-45.000    -0.7007    0.6880    0.1878
-40.000    -0.7103    0.5974    0.1707
-35.000    -0.7015    0.5054    0.1528
-30.000    -0.6726    0.4144    0.1339
-25.000    -0.6229    0.3276    0.1140
-24.000    -0.6101    0.3110    0.1099
-23.000    -0.5964    0.2948    0.1058
-22.000    -0.5812    0.2789    0.1017
-21.000    -0.5660    0.2634    0.0974
-20.000    -0.5491    0.2484    0.0932
-19.000    -0.5307    0.2344    0.0879
-18.000    -0.5091    0.2221    0.0811
-17.000    -0.4850    0.2112    0.0727
-16.000    -0.4578    0.2019    0.0629
-15.000    -0.4281    0.1940    0.0518
-14.000    -0.3960    0.1874    0.0396
-13.000    -0.3624    0.1822    0.0265
-12.000    -0.3263    0.1782    0.0125
-11.000    -0.2886    0.1754    -0.0021
-10.000    -0.2493    0.1738    -0.0171
-8.000    -0.1667    0.1737    -0.0481
-6.000    -0.0890    0.1544    -0.0401
-5.500    -0.0721    0.1484    -0.0414
-5.000    -0.0577    0.1430    -0.0426
-4.500    -0.0521    0.1376    -0.0431
-4.000    -0.0433    0.1321    -0.0436
-3.500    -0.0136    0.1271    -0.0444
-3.000    0.0024    0.1231    -0.0447
-2.500    0.0112    0.1196    -0.0445
-2.000    0.0072    0.1150    -0.0428
-1.500    0.0032    0.1123    -0.0354
-1.000    0.0289    0.1110    -0.0376
-0.500    0.0585    0.1101    -0.0418
0.000    0.1098    0.1082    -0.0459
0.500    0.1708    0.1083    -0.0516
1.000    0.2341    0.1086    -0.0576
1.500    0.2958    0.1089    -0.0628
2.000    0.3559    0.1091    -0.0669
2.500    0.4121    0.1091    -0.0694
3.000    0.4650    0.1090    -0.0711
3.500    0.5171    0.1088    -0.0721
4.000    0.5692    0.1087    -0.0733
4.500    0.6221    0.1089    -0.0748
5.000    0.6742    0.1092    -0.0759
5.500    0.7247    0.1095    -0.0767
6.000    0.7752    0.1100    -0.0775
6.500    0.8233    0.1107    -0.0780
7.000    0.8690    0.1118    -0.0779
7.500    0.9139    0.1131    -0.0779
8.000    0.9564    0.1150    -0.0776
8.500    0.9957    0.1177    -0.0768
9.000    1.0317    0.1212    -0.0760
9.500    1.0686    0.1251    -0.0755
10.000    1.0967    0.1307    -0.0742
10.500    1.1223    0.1372    -0.0728
11.000    1.1424    0.1457    -0.0713
11.500    1.1616    0.1546    -0.0703
12.000    1.1809    0.1646    -0.0697
12.500    1.1977    0.1772    -0.0697
13.000    1.2129    0.1897    -0.0702
13.500    1.2330    0.2024    -0.0710
14.500    1.2722    0.2314    -0.0735
15.000    1.2939    0.2471    -0.0753
15.500    1.3075    0.2637    -0.0774
16.000    1.3219    0.2795    -0.0798
16.500    1.3356    0.2969    -0.0827
17.000    1.3476    0.3143    -0.0857
17.500    1.3620    0.3317    -0.0890
18.000    1.3781    0.3494    -0.0928
19.000    1.4037    0.3841    -0.0996
19.500    1.4165    0.4024    -0.1035
20.500    1.4414    0.4368    -0.1110
21.000    1.4510    0.4531    -0.1135
22.000    1.4670    0.4864    -0.1186
23.000    1.4807    0.5206    -0.1236
24.000    1.4919    0.5556    -0.1285
25.000    1.5007    0.5915    -0.1334
26.000    1.5079    0.6277    -0.1382
28.000    1.5184    0.7015    -0.1476
30.000    1.5264    0.7759    -0.1566
32.000    1.5352    0.8498    -0.1654
35.000    1.5464    0.9587    -0.1780
40.000    1.5256    1.1312    -0.1979
45.000    1.4590    1.2853    -0.2165
50.000    1.3548    1.4140    -0.2342
55.000    1.2201    1.5108    -0.2507
60.000    1.0606    1.5710    -0.2662
65.000    0.8866    1.5914    -0.2807
70.000    0.7055    1.5700    -0.2944
75.000    0.5275    1.5075    -0.3070
80.000    0.3599    1.4086    -0.3188
85.000    0.2140    1.2894    -0.3296
90.000    0.0994    1.2118    -0.3394
95.000    0.0016    1.2144    -0.3482
100.000    -0.0946    1.2051    -0.3557
105.000    -0.1884    1.1837    -0.3619
110.000    -0.2790    1.1505    -0.3666
115.000    -0.3632    1.1058    -0.3696
120.000    -0.4401    1.0503    -0.3706
125.000    -0.5075    0.9843    -0.3692
130.000    -0.5628    0.9090    -0.3651
135.000    -0.6045    0.8255    -0.3577
140.000    -0.6309    0.7353    -0.3466
145.000    -0.6389    0.6403    -0.3308
150.000    -0.6269    0.5426    -0.3097
155.000    -0.5924    0.4453    -0.2823
160.000    -0.5323    0.3515    -0.2473
170.000    -0.3287    0.1909    -0.1489
175.000    -0.1812    0.1554    -0.0819
180.000    0.0000    0.1474    0.0000
EOT 1
