AeroDyn airfoil file.  Compatible with AeroDyn v13.0.
This file was generated automatically by HARP_Opt.
This data represents a 49.1 percent thick airfoil, and was interpolated between the airfoil data in the files NREL5MW_1000.dat and NREL5MW_0400.dat.
  1           Number of airfoil tables in this file
 1.000         Table ID parameter (Reynolds number in millions)
 7.635         Stall angle (deg)
  0           Zero lift angle of attack (deg)
  0           Cn slope for zero lift (dimensionless)
  0           Cn at stall value for positive angle of attack
  0           Cn at stall value for negative angle of attack
  0           Angle of attack for minimum CD (deg)
  0           Minimum CD value
-180.000    0.0000    0.1269    0.0000
-175.000    0.1849    0.1351    0.0792
-170.000    0.3368    0.1697    0.1440
-160.000    0.5446    0.3342    0.2386
-155.000    0.6066    0.4304    0.2721
-150.000    0.6422    0.5301    0.2983
-145.000    0.6549    0.6302    0.3183
-140.000    0.6464    0.7278    0.3331
-135.000    0.6201    0.8204    0.3434
-130.000    0.5769    0.9062    0.3500
-125.000    0.5200    0.9835    0.3534
-120.000    0.4513    1.0513    0.3543
-115.000    0.3724    1.1086    0.3527
-110.000    0.2859    1.1546    0.3493
-105.000    0.1934    1.1887    0.3442
-100.000    0.0967    1.2107    0.3376
-95.000    -0.0017    1.2204    0.3297
-90.000    -0.1018    1.2177    0.3208
-85.000    -0.2002    1.2027    0.3107
-80.000    -0.2961    1.1756    0.2998
-75.000    -0.3868    1.1368    0.2879
-70.000    -0.4725    1.0869    0.2752
-65.000    -0.5489    1.0263    0.2616
-60.000    -0.6167    0.9561    0.2472
-55.000    -0.6719    0.8772    0.2318
-50.000    -0.7143    0.7909    0.2157
-45.000    -0.7414    0.6989    0.1987
-40.000    -0.7516    0.6031    0.1806
-35.000    -0.7423    0.5057    0.1617
-30.000    -0.7118    0.4094    0.1417
-25.000    -0.6592    0.3175    0.1206
-24.000    -0.6456    0.3000    0.1163
-23.000    -0.6312    0.2828    0.1120
-22.000    -0.6150    0.2660    0.1076
-21.000    -0.5989    0.2497    0.1031
-20.000    -0.5811    0.2337    0.0986
-19.000    -0.5616    0.2189    0.0931
-18.000    -0.5387    0.2059    0.0859
-17.000    -0.5132    0.1944    0.0769
-16.000    -0.4844    0.1845    0.0665
-15.000    -0.4530    0.1762    0.0548
-14.000    -0.4191    0.1692    0.0419
-13.000    -0.3834    0.1637    0.0280
-12.000    -0.3453    0.1595    0.0132
-11.000    -0.3054    0.1565    -0.0022
-10.000    -0.2638    0.1548    -0.0181
-8.000    -0.1765    0.1547    -0.0509
-6.000    -0.0942    0.1343    -0.0424
-5.500    -0.0763    0.1279    -0.0438
-5.000    -0.0611    0.1222    -0.0451
-4.500    -0.0551    0.1166    -0.0456
-4.000    -0.0458    0.1107    -0.0461
-3.500    -0.0144    0.1054    -0.0470
-3.000    0.0025    0.1012    -0.0473
-2.500    0.0119    0.0975    -0.0471
-2.000    0.0076    0.0926    -0.0453
-1.500    0.0034    0.0897    -0.0375
-1.000    0.0305    0.0883    -0.0398
-0.500    0.0619    0.0875    -0.0443
0.000    0.1162    0.0854    -0.0486
0.500    0.1807    0.0855    -0.0546
1.000    0.2477    0.0858    -0.0609
1.500    0.3130    0.0862    -0.0664
2.000    0.3767    0.0864    -0.0708
2.500    0.4360    0.0864    -0.0735
3.000    0.4920    0.0863    -0.0752
3.500    0.5472    0.0860    -0.0763
4.000    0.6023    0.0859    -0.0775
4.500    0.6583    0.0862    -0.0791
5.000    0.7134    0.0864    -0.0803
5.500    0.7669    0.0868    -0.0812
6.000    0.8203    0.0873    -0.0820
6.500    0.8712    0.0880    -0.0825
7.000    0.9196    0.0892    -0.0825
7.500    0.9671    0.0906    -0.0825
8.000    1.0121    0.0926    -0.0821
8.500    1.0536    0.0954    -0.0813
9.000    1.0918    0.0992    -0.0804
9.500    1.1308    0.1032    -0.0799
10.000    1.1605    0.1092    -0.0786
10.500    1.1877    0.1161    -0.0770
11.000    1.2089    0.1250    -0.0755
11.500    1.2292    0.1345    -0.0744
12.000    1.2496    0.1451    -0.0738
12.500    1.2674    0.1584    -0.0738
13.000    1.2835    0.1716    -0.0743
13.500    1.3047    0.1851    -0.0752
14.500    1.3463    0.2158    -0.0778
15.000    1.3692    0.2324    -0.0797
15.500    1.3836    0.2499    -0.0819
16.000    1.3989    0.2667    -0.0845
16.500    1.4133    0.2851    -0.0875
17.000    1.4260    0.3035    -0.0907
17.500    1.4413    0.3218    -0.0942
18.000    1.4583    0.3406    -0.0982
19.000    1.4854    0.3773    -0.1054
19.500    1.4990    0.3968    -0.1095
20.500    1.5253    0.4332    -0.1174
21.000    1.5355    0.4504    -0.1201
22.000    1.5524    0.4856    -0.1255
23.000    1.5669    0.5218    -0.1308
24.000    1.5787    0.5589    -0.1360
25.000    1.5881    0.5968    -0.1412
26.000    1.5957    0.6351    -0.1463
28.000    1.6067    0.7132    -0.1562
30.000    1.6152    0.7919    -0.1658
32.000    1.6246    0.8702    -0.1750
35.000    1.6364    0.9854    -0.1883
40.000    1.6144    1.1679    -0.2094
45.000    1.5440    1.3310    -0.2291
50.000    1.4337    1.4672    -0.2478
55.000    1.2912    1.5697    -0.2653
60.000    1.1223    1.6334    -0.2817
65.000    0.9383    1.6549    -0.2971
70.000    0.7465    1.6323    -0.3115
75.000    0.5582    1.5661    -0.3249
80.000    0.3809    1.4615    -0.3374
85.000    0.2265    1.3354    -0.3488
90.000    0.1052    1.2532    -0.3592
95.000    0.0017    1.2560    -0.3684
100.000    -0.1001    1.2461    -0.3764
105.000    -0.1994    1.2235    -0.3829
110.000    -0.2952    1.1883    -0.3879
115.000    -0.3843    1.1411    -0.3911
120.000    -0.4657    1.0823    -0.3922
125.000    -0.5370    1.0125    -0.3907
130.000    -0.5955    0.9328    -0.3863
135.000    -0.6396    0.8444    -0.3785
140.000    -0.6676    0.7490    -0.3667
145.000    -0.6761    0.6485    -0.3501
150.000    -0.6634    0.5451    -0.3277
155.000    -0.6269    0.4421    -0.2987
160.000    -0.5633    0.3428    -0.2617
170.000    -0.3478    0.1729    -0.1576
175.000    -0.1917    0.1354    -0.0867
180.000    0.0000    0.1269    0.0000
EOT 1
