AeroDyn airfoil file.  Compatible with AeroDyn v13.0.
This file was generated automatically by HARP_Opt.
This data represents a 74.8 percent thick airfoil, and was interpolated between the airfoil data in the files NREL5MW_1000.dat and NREL5MW_0400.dat.
  1           Number of airfoil tables in this file
 1.000         Table ID parameter (Reynolds number in millions)
 3.780         Stall angle (deg)
  0           Zero lift angle of attack (deg)
  0           Cn slope for zero lift (dimensionless)
  0           Cn at stall value for positive angle of attack
  0           Cn at stall value for negative angle of attack
  0           Angle of attack for minimum CD (deg)
  0           Minimum CD value
-180.000    0.0000    0.3153    0.0000
-175.000    0.0916    0.3194    0.0392
-170.000    0.1667    0.3365    0.0713
-160.000    0.2696    0.4179    0.1181
-155.000    0.3003    0.4655    0.1347
-150.000    0.3179    0.5149    0.1477
-145.000    0.3242    0.5645    0.1576
-140.000    0.3200    0.6128    0.1649
-135.000    0.3070    0.6586    0.1700
-130.000    0.2856    0.7011    0.1733
-125.000    0.2575    0.7394    0.1750
-120.000    0.2234    0.7730    0.1754
-115.000    0.1844    0.8013    0.1746
-110.000    0.1415    0.8241    0.1729
-105.000    0.0958    0.8410    0.1704
-100.000    0.0479    0.8519    0.1671
-95.000    -0.0008    0.8567    0.1633
-90.000    -0.0504    0.8553    0.1588
-85.000    -0.0991    0.8479    0.1538
-80.000    -0.1466    0.8345    0.1484
-75.000    -0.1915    0.8153    0.1425
-70.000    -0.2339    0.7906    0.1362
-65.000    -0.2717    0.7606    0.1295
-60.000    -0.3053    0.7258    0.1224
-55.000    -0.3326    0.6867    0.1148
-50.000    -0.3536    0.6440    0.1068
-45.000    -0.3671    0.5985    0.0984
-40.000    -0.3721    0.5510    0.0894
-35.000    -0.3675    0.5028    0.0801
-30.000    -0.3524    0.4551    0.0701
-25.000    -0.3263    0.4097    0.0597
-24.000    -0.3196    0.4010    0.0576
-23.000    -0.3125    0.3925    0.0554
-22.000    -0.3045    0.3842    0.0533
-21.000    -0.2965    0.3761    0.0510
-20.000    -0.2877    0.3682    0.0488
-19.000    -0.2780    0.3609    0.0461
-18.000    -0.2667    0.3544    0.0425
-17.000    -0.2541    0.3487    0.0381
-16.000    -0.2398    0.3438    0.0329
-15.000    -0.2243    0.3397    0.0271
-14.000    -0.2075    0.3362    0.0207
-13.000    -0.1898    0.3335    0.0139
-12.000    -0.1709    0.3314    0.0066
-11.000    -0.1512    0.3299    -0.0011
-10.000    -0.1306    0.3291    -0.0089
-8.000    -0.0874    0.3291    -0.0252
-6.000    -0.0466    0.3189    -0.0210
-5.500    -0.0378    0.3158    -0.0217
-5.000    -0.0302    0.3130    -0.0223
-4.500    -0.0273    0.3102    -0.0226
-4.000    -0.0227    0.3073    -0.0228
-3.500    -0.0071    0.3047    -0.0233
-3.000    0.0013    0.3026    -0.0234
-2.500    0.0059    0.3007    -0.0233
-2.000    0.0038    0.2983    -0.0224
-1.500    0.0017    0.2969    -0.0186
-1.000    0.0151    0.2962    -0.0197
-0.500    0.0307    0.2958    -0.0219
0.000    0.0575    0.2947    -0.0241
0.500    0.0895    0.2948    -0.0270
1.000    0.1226    0.2950    -0.0302
1.500    0.1550    0.2951    -0.0329
2.000    0.1865    0.2952    -0.0351
2.500    0.2159    0.2952    -0.0364
3.000    0.2436    0.2952    -0.0373
3.500    0.2709    0.2950    -0.0378
4.000    0.2982    0.2950    -0.0384
4.500    0.3259    0.2951    -0.0392
5.000    0.3532    0.2953    -0.0398
5.500    0.3797    0.2954    -0.0402
6.000    0.4061    0.2957    -0.0406
6.500    0.4313    0.2960    -0.0409
7.000    0.4553    0.2966    -0.0408
7.500    0.4788    0.2973    -0.0408
8.000    0.5011    0.2983    -0.0407
8.500    0.5216    0.2997    -0.0402
9.000    0.5405    0.3016    -0.0398
9.500    0.5599    0.3036    -0.0396
10.000    0.5746    0.3065    -0.0389
10.500    0.5880    0.3100    -0.0381
11.000    0.5985    0.3144    -0.0374
11.500    0.6086    0.3190    -0.0368
12.000    0.6187    0.3243    -0.0365
12.500    0.6275    0.3309    -0.0365
13.000    0.6355    0.3374    -0.0368
13.500    0.6460    0.3441    -0.0372
14.500    0.6665    0.3593    -0.0385
15.000    0.6779    0.3675    -0.0394
15.500    0.6850    0.3762    -0.0406
16.000    0.6926    0.3845    -0.0418
16.500    0.6997    0.3936    -0.0433
17.000    0.7060    0.4027    -0.0449
17.500    0.7136    0.4118    -0.0466
18.000    0.7220    0.4211    -0.0486
19.000    0.7354    0.4393    -0.0522
19.500    0.7421    0.4489    -0.0542
20.500    0.7552    0.4669    -0.0581
21.000    0.7602    0.4754    -0.0595
22.000    0.7686    0.4929    -0.0621
23.000    0.7757    0.5108    -0.0648
24.000    0.7816    0.5291    -0.0673
25.000    0.7862    0.5479    -0.0699
26.000    0.7900    0.5669    -0.0724
28.000    0.7955    0.6055    -0.0773
30.000    0.7997    0.6445    -0.0821
32.000    0.8043    0.6833    -0.0866
35.000    0.8102    0.7403    -0.0932
40.000    0.7993    0.8307    -0.1037
45.000    0.7644    0.9114    -0.1134
50.000    0.7098    0.9788    -0.1227
55.000    0.6392    1.0296    -0.1313
60.000    0.5557    1.0611    -0.1395
65.000    0.4645    1.0718    -0.1471
70.000    0.3696    1.0606    -0.1542
75.000    0.2764    1.0278    -0.1609
80.000    0.1886    0.9760    -0.1670
85.000    0.1121    0.9136    -0.1727
90.000    0.0521    0.8729    -0.1778
95.000    0.0008    0.8743    -0.1824
100.000    -0.0496    0.8694    -0.1864
105.000    -0.0987    0.8582    -0.1896
110.000    -0.1462    0.8408    -0.1921
115.000    -0.1903    0.8174    -0.1936
120.000    -0.2306    0.7883    -0.1942
125.000    -0.2659    0.7537    -0.1935
130.000    -0.2948    0.7143    -0.1913
135.000    -0.3167    0.6705    -0.1874
140.000    -0.3305    0.6233    -0.1816
145.000    -0.3347    0.5735    -0.1733
150.000    -0.3284    0.5223    -0.1622
155.000    -0.3104    0.4714    -0.1479
160.000    -0.2789    0.4222    -0.1296
170.000    -0.1722    0.3380    -0.0780
175.000    -0.0949    0.3195    -0.0429
180.000    0.0000    0.3153    0.0000
EOT 1
