AeroDyn airfoil file.  Compatible with AeroDyn v13.0.
This file was generated automatically by HARP_Opt.
This data represents a 66.2 percent thick airfoil, and was interpolated between the airfoil data in the files NREL5MW_1000.dat and NREL5MW_0400.dat.
  1           Number of airfoil tables in this file
 1.000         Table ID parameter (Reynolds number in millions)
 5.070         Stall angle (deg)
  0           Zero lift angle of attack (deg)
  0           Cn slope for zero lift (dimensionless)
  0           Cn at stall value for positive angle of attack
  0           Cn at stall value for negative angle of attack
  0           Angle of attack for minimum CD (deg)
  0           Minimum CD value
-180.000    0.0000    0.2522    0.0000
-175.000    0.1228    0.2577    0.0526
-170.000    0.2236    0.2807    0.0956
-160.000    0.3617    0.3899    0.1585
-155.000    0.4028    0.4538    0.1807
-150.000    0.4264    0.5200    0.1981
-145.000    0.4349    0.5865    0.2114
-140.000    0.4293    0.6513    0.2212
-135.000    0.4118    0.7128    0.2280
-130.000    0.3831    0.7697    0.2324
-125.000    0.3453    0.8211    0.2347
-120.000    0.2997    0.8661    0.2352
-115.000    0.2473    0.9041    0.2342
-110.000    0.1898    0.9347    0.2319
-105.000    0.1284    0.9573    0.2285
-100.000    0.0642    0.9720    0.2242
-95.000    -0.0011    0.9784    0.2190
-90.000    -0.0676    0.9766    0.2130
-85.000    -0.1329    0.9666    0.2063
-80.000    -0.1966    0.9486    0.1991
-75.000    -0.2569    0.9229    0.1912
-70.000    -0.3138    0.8897    0.1827
-65.000    -0.3645    0.8495    0.1737
-60.000    -0.4095    0.8028    0.1642
-55.000    -0.4462    0.7505    0.1540
-50.000    -0.4743    0.6932    0.1433
-45.000    -0.4924    0.6321    0.1319
-40.000    -0.4991    0.5684    0.1199
-35.000    -0.4929    0.5038    0.1074
-30.000    -0.4726    0.4398    0.0941
-25.000    -0.4377    0.3788    0.0801
-24.000    -0.4287    0.3672    0.0772
-23.000    -0.4191    0.3558    0.0744
-22.000    -0.4084    0.3446    0.0714
-21.000    -0.3977    0.3338    0.0684
-20.000    -0.3859    0.3232    0.0655
-19.000    -0.3729    0.3134    0.0618
-18.000    -0.3577    0.3047    0.0570
-17.000    -0.3408    0.2971    0.0511
-16.000    -0.3217    0.2905    0.0442
-15.000    -0.3008    0.2850    0.0364
-14.000    -0.2783    0.2804    0.0278
-13.000    -0.2546    0.2767    0.0186
-12.000    -0.2293    0.2739    0.0088
-11.000    -0.2028    0.2719    -0.0015
-10.000    -0.1752    0.2708    -0.0120
-8.000    -0.1172    0.2707    -0.0338
-6.000    -0.0625    0.2571    -0.0282
-5.500    -0.0507    0.2529    -0.0291
-5.000    -0.0406    0.2491    -0.0300
-4.500    -0.0366    0.2454    -0.0303
-4.000    -0.0304    0.2415    -0.0306
-3.500    -0.0096    0.2380    -0.0312
-3.000    0.0017    0.2352    -0.0314
-2.500    0.0079    0.2327    -0.0313
-2.000    0.0051    0.2295    -0.0301
-1.500    0.0023    0.2276    -0.0249
-1.000    0.0203    0.2266    -0.0264
-0.500    0.0411    0.2261    -0.0294
0.000    0.0772    0.2247    -0.0323
0.500    0.1200    0.2248    -0.0363
1.000    0.1645    0.2250    -0.0404
1.500    0.2079    0.2252    -0.0441
2.000    0.2501    0.2253    -0.0470
2.500    0.2896    0.2253    -0.0488
3.000    0.3267    0.2253    -0.0500
3.500    0.3633    0.2251    -0.0507
4.000    0.4000    0.2250    -0.0515
4.500    0.4371    0.2252    -0.0526
5.000    0.4738    0.2254    -0.0533
5.500    0.5093    0.2256    -0.0539
6.000    0.5447    0.2259    -0.0545
6.500    0.5785    0.2264    -0.0548
7.000    0.6107    0.2272    -0.0548
7.500    0.6422    0.2281    -0.0548
8.000    0.6721    0.2295    -0.0545
8.500    0.6997    0.2313    -0.0540
9.000    0.7250    0.2338    -0.0534
9.500    0.7509    0.2365    -0.0531
10.000    0.7706    0.2405    -0.0522
10.500    0.7887    0.2451    -0.0512
11.000    0.8027    0.2510    -0.0501
11.500    0.8163    0.2573    -0.0494
12.000    0.8298    0.2643    -0.0490
12.500    0.8416    0.2731    -0.0490
13.000    0.8523    0.2819    -0.0493
13.500    0.8664    0.2909    -0.0499
14.500    0.8940    0.3113    -0.0517
15.000    0.9092    0.3223    -0.0529
15.500    0.9188    0.3339    -0.0544
16.000    0.9289    0.3451    -0.0561
16.500    0.9385    0.3573    -0.0581
17.000    0.9470    0.3695    -0.0602
17.500    0.9571    0.3817    -0.0625
18.000    0.9684    0.3941    -0.0652
19.000    0.9864    0.4185    -0.0700
19.500    0.9954    0.4314    -0.0727
20.500    1.0129    0.4556    -0.0780
21.000    1.0196    0.4670    -0.0798
22.000    1.0309    0.4904    -0.0833
23.000    1.0405    0.5145    -0.0869
24.000    1.0484    0.5391    -0.0903
25.000    1.0546    0.5643    -0.0937
26.000    1.0596    0.5897    -0.0971
28.000    1.0670    0.6416    -0.1037
30.000    1.0726    0.6938    -0.1101
32.000    1.0788    0.7458    -0.1162
35.000    1.0867    0.8223    -0.1251
40.000    1.0720    0.9435    -0.1390
45.000    1.0253    1.0518    -0.1522
50.000    0.9520    1.1423    -0.1645
55.000    0.8574    1.2103    -0.1762
60.000    0.7453    1.2526    -0.1871
65.000    0.6230    1.2669    -0.1973
70.000    0.4957    1.2519    -0.2069
75.000    0.3707    1.2079    -0.2158
80.000    0.2529    1.1385    -0.2240
85.000    0.1504    1.0547    -0.2316
90.000    0.0699    1.0002    -0.2385
95.000    0.0011    1.0020    -0.2447
100.000    -0.0665    0.9955    -0.2500
105.000    -0.1324    0.9804    -0.2543
110.000    -0.1960    0.9571    -0.2576
115.000    -0.2552    0.9257    -0.2597
120.000    -0.3093    0.8867    -0.2604
125.000    -0.3566    0.8403    -0.2595
130.000    -0.3955    0.7874    -0.2565
135.000    -0.4248    0.7287    -0.2514
140.000    -0.4433    0.6653    -0.2435
145.000    -0.4490    0.5986    -0.2325
150.000    -0.4405    0.5300    -0.2176
155.000    -0.4163    0.4616    -0.1983
160.000    -0.3741    0.3956    -0.1738
170.000    -0.2310    0.2828    -0.1047
175.000    -0.1273    0.2579    -0.0576
180.000    0.0000    0.2522    0.0000
EOT 1
