AeroDyn airfoil file.  Compatible with AeroDyn v13.0.
This file was generated automatically by HARP_Opt.
This data represents a 58.1 percent thick airfoil, and was interpolated between the airfoil data in the files NREL5MW_1000.dat and NREL5MW_0400.dat.
  1           Number of airfoil tables in this file
 1.000         Table ID parameter (Reynolds number in millions)
 6.285         Stall angle (deg)
  0           Zero lift angle of attack (deg)
  0           Cn slope for zero lift (dimensionless)
  0           Cn at stall value for positive angle of attack
  0           Cn at stall value for negative angle of attack
  0           Angle of attack for minimum CD (deg)
  0           Minimum CD value
-180.000    0.0000    0.1929    0.0000
-175.000    0.1522    0.1996    0.0652
-170.000    0.2772    0.2281    0.1185
-160.000    0.4483    0.3635    0.1964
-155.000    0.4993    0.4427    0.2240
-150.000    0.5286    0.5248    0.2455
-145.000    0.5391    0.6072    0.2620
-140.000    0.5321    0.6875    0.2742
-135.000    0.5105    0.7638    0.2827
-130.000    0.4749    0.8344    0.2881
-125.000    0.4281    0.8981    0.2909
-120.000    0.3715    0.9538    0.2916
-115.000    0.3066    1.0010    0.2904
-110.000    0.2353    1.0388    0.2875
-105.000    0.1592    1.0669    0.2833
-100.000    0.0796    1.0851    0.2779
-95.000    -0.0014    1.0930    0.2714
-90.000    -0.0838    1.0908    0.2640
-85.000    -0.1648    1.0784    0.2558
-80.000    -0.2437    1.0562    0.2468
-75.000    -0.3184    1.0242    0.2370
-70.000    -0.3890    0.9831    0.2265
-65.000    -0.4518    0.9332    0.2154
-60.000    -0.5077    0.8754    0.2035
-55.000    -0.5531    0.8105    0.1909
-50.000    -0.5880    0.7395    0.1776
-45.000    -0.6103    0.6638    0.1635
-40.000    -0.6187    0.5848    0.1487
-35.000    -0.6110    0.5047    0.1331
-30.000    -0.5859    0.4254    0.1166
-25.000    -0.5426    0.3498    0.0993
-24.000    -0.5314    0.3353    0.0957
-23.000    -0.5196    0.3212    0.0922
-22.000    -0.5063    0.3074    0.0885
-21.000    -0.4930    0.2939    0.0848
-20.000    -0.4784    0.2808    0.0811
-19.000    -0.4623    0.2686    0.0766
-18.000    -0.4434    0.2579    0.0707
-17.000    -0.4225    0.2485    0.0633
-16.000    -0.3987    0.2403    0.0547
-15.000    -0.3729    0.2334    0.0451
-14.000    -0.3450    0.2277    0.0345
-13.000    -0.3156    0.2232    0.0230
-12.000    -0.2842    0.2197    0.0109
-11.000    -0.2514    0.2172    -0.0018
-10.000    -0.2172    0.2158    -0.0149
-8.000    -0.1453    0.2158    -0.0419
-6.000    -0.0775    0.1989    -0.0349
-5.500    -0.0629    0.1937    -0.0360
-5.000    -0.0503    0.1890    -0.0372
-4.500    -0.0454    0.1844    -0.0376
-4.000    -0.0377    0.1795    -0.0380
-3.500    -0.0119    0.1752    -0.0387
-3.000    0.0021    0.1717    -0.0390
-2.500    0.0098    0.1686    -0.0388
-2.000    0.0063    0.1647    -0.0373
-1.500    0.0028    0.1623    -0.0309
-1.000    0.0251    0.1611    -0.0328
-0.500    0.0510    0.1604    -0.0365
0.000    0.0957    0.1587    -0.0400
0.500    0.1487    0.1588    -0.0450
1.000    0.2039    0.1591    -0.0501
1.500    0.2577    0.1594    -0.0547
2.000    0.3101    0.1595    -0.0583
2.500    0.3589    0.1595    -0.0605
3.000    0.4050    0.1594    -0.0619
3.500    0.4504    0.1592    -0.0629
4.000    0.4958    0.1591    -0.0638
4.500    0.5419    0.1594    -0.0652
5.000    0.5873    0.1596    -0.0661
5.500    0.6313    0.1598    -0.0668
6.000    0.6753    0.1603    -0.0675
6.500    0.7172    0.1609    -0.0679
7.000    0.7570    0.1619    -0.0679
7.500    0.7961    0.1630    -0.0679
8.000    0.8331    0.1647    -0.0676
8.500    0.8673    0.1670    -0.0669
9.000    0.8988    0.1700    -0.0662
9.500    0.9309    0.1734    -0.0658
10.000    0.9553    0.1783    -0.0647
10.500    0.9777    0.1840    -0.0634
11.000    0.9951    0.1913    -0.0622
11.500    1.0119    0.1991    -0.0612
12.000    1.0286    0.2078    -0.0608
12.500    1.0433    0.2188    -0.0608
13.000    1.0566    0.2297    -0.0612
13.500    1.0740    0.2408    -0.0619
14.500    1.1083    0.2661    -0.0640
15.000    1.1271    0.2797    -0.0656
15.500    1.1390    0.2941    -0.0675
16.000    1.1516    0.3080    -0.0696
16.500    1.1634    0.3231    -0.0720
17.000    1.1739    0.3383    -0.0747
17.500    1.1865    0.3533    -0.0775
18.000    1.2004    0.3688    -0.0808
19.000    1.2228    0.3990    -0.0867
19.500    1.2340    0.4150    -0.0902
20.500    1.2556    0.4450    -0.0966
21.000    1.2640    0.4591    -0.0989
22.000    1.2780    0.4881    -0.1033
23.000    1.2898    0.5179    -0.1077
24.000    1.2996    0.5485    -0.1119
25.000    1.3073    0.5797    -0.1162
26.000    1.3136    0.6112    -0.1204
28.000    1.3226    0.6755    -0.1286
30.000    1.3296    0.7403    -0.1365
32.000    1.3373    0.8048    -0.1441
35.000    1.3471    0.8996    -0.1550
40.000    1.3289    1.0498    -0.1723
45.000    1.2710    1.1841    -0.1886
50.000    1.1802    1.2962    -0.2040
55.000    1.0629    1.3805    -0.2184
60.000    0.9239    1.4330    -0.2319
65.000    0.7724    1.4507    -0.2446
70.000    0.6145    1.4321    -0.2564
75.000    0.4595    1.3776    -0.2675
80.000    0.3136    1.2915    -0.2777
85.000    0.1865    1.1876    -0.2872
90.000    0.0866    1.1201    -0.2957
95.000    0.0014    1.1224    -0.3033
100.000    -0.0824    1.1142    -0.3099
105.000    -0.1641    1.0955    -0.3152
110.000    -0.2430    1.0666    -0.3193
115.000    -0.3163    1.0277    -0.3219
120.000    -0.3834    0.9793    -0.3228
125.000    -0.4420    0.9219    -0.3217
130.000    -0.4902    0.8563    -0.3180
135.000    -0.5265    0.7835    -0.3116
140.000    -0.5496    0.7050    -0.3019
145.000    -0.5566    0.6222    -0.2882
150.000    -0.5461    0.5372    -0.2698
155.000    -0.5161    0.4524    -0.2459
160.000    -0.4637    0.3706    -0.2154
170.000    -0.2863    0.2307    -0.1298
175.000    -0.1578    0.1999    -0.0714
180.000    0.0000    0.1929    0.0000
EOT 1
