AeroDyn airfoil file.  Compatible with AeroDyn v13.0.
This file was generated automatically by HARP_Opt.
This data represents a 83.1 percent thick airfoil, and was interpolated between the airfoil data in the files NREL5MW_1000.dat and NREL5MW_0400.dat.
  1           Number of airfoil tables in this file
 1.000         Table ID parameter (Reynolds number in millions)
 2.535         Stall angle (deg)
  0           Zero lift angle of attack (deg)
  0           Cn slope for zero lift (dimensionless)
  0           Cn at stall value for positive angle of attack
  0           Cn at stall value for negative angle of attack
  0           Angle of attack for minimum CD (deg)
  0           Minimum CD value
-180.000    0.0000    0.3761    0.0000
-175.000    0.0614    0.3789    0.0263
-170.000    0.1118    0.3903    0.0478
-160.000    0.1808    0.4449    0.0792
-155.000    0.2014    0.4769    0.0904
-150.000    0.2132    0.5100    0.0990
-145.000    0.2174    0.5432    0.1057
-140.000    0.2146    0.5756    0.1106
-135.000    0.2059    0.6064    0.1140
-130.000    0.1915    0.6349    0.1162
-125.000    0.1727    0.6605    0.1173
-120.000    0.1498    0.6831    0.1176
-115.000    0.1237    0.7021    0.1171
-110.000    0.0949    0.7173    0.1160
-105.000    0.0642    0.7287    0.1143
-100.000    0.0321    0.7360    0.1121
-95.000    -0.0006    0.7392    0.1095
-90.000    -0.0338    0.7383    0.1065
-85.000    -0.0665    0.7333    0.1032
-80.000    -0.0983    0.7243    0.0995
-75.000    -0.1284    0.7114    0.0956
-70.000    -0.1569    0.6949    0.0914
-65.000    -0.1822    0.6747    0.0869
-60.000    -0.2048    0.6514    0.0821
-55.000    -0.2231    0.6252    0.0770
-50.000    -0.2372    0.5966    0.0716
-45.000    -0.2462    0.5661    0.0660
-40.000    -0.2496    0.5342    0.0600
-35.000    -0.2465    0.5019    0.0537
-30.000    -0.2363    0.4699    0.0470
-25.000    -0.2189    0.4394    0.0401
-24.000    -0.2143    0.4336    0.0386
-23.000    -0.2096    0.4279    0.0372
-22.000    -0.2042    0.4223    0.0357
-21.000    -0.1989    0.4169    0.0342
-20.000    -0.1929    0.4116    0.0327
-19.000    -0.1865    0.4067    0.0309
-18.000    -0.1789    0.4023    0.0285
-17.000    -0.1704    0.3985    0.0255
-16.000    -0.1608    0.3952    0.0221
-15.000    -0.1504    0.3925    0.0182
-14.000    -0.1391    0.3902    0.0139
-13.000    -0.1273    0.3883    0.0093
-12.000    -0.1146    0.3869    0.0044
-11.000    -0.1014    0.3860    -0.0007
-10.000    -0.0876    0.3854    -0.0060
-8.000    -0.0586    0.3854    -0.0169
-6.000    -0.0313    0.3786    -0.0141
-5.500    -0.0253    0.3765    -0.0145
-5.000    -0.0203    0.3746    -0.0150
-4.500    -0.0183    0.3727    -0.0152
-4.000    -0.0152    0.3707    -0.0153
-3.500    -0.0048    0.3690    -0.0156
-3.000    0.0008    0.3676    -0.0157
-2.500    0.0039    0.3663    -0.0156
-2.000    0.0025    0.3647    -0.0150
-1.500    0.0011    0.3638    -0.0124
-1.000    0.0101    0.3633    -0.0132
-0.500    0.0206    0.3630    -0.0147
0.000    0.0386    0.3623    -0.0161
0.500    0.0600    0.3624    -0.0181
1.000    0.0822    0.3625    -0.0202
1.500    0.1039    0.3626    -0.0221
2.000    0.1251    0.3627    -0.0235
2.500    0.1448    0.3627    -0.0244
3.000    0.1634    0.3626    -0.0250
3.500    0.1817    0.3625    -0.0253
4.000    0.2000    0.3625    -0.0257
4.500    0.2186    0.3626    -0.0263
5.000    0.2369    0.3627    -0.0267
5.500    0.2546    0.3628    -0.0270
6.000    0.2724    0.3630    -0.0272
6.500    0.2893    0.3632    -0.0274
7.000    0.3053    0.3636    -0.0274
7.500    0.3211    0.3641    -0.0274
8.000    0.3360    0.3647    -0.0273
8.500    0.3498    0.3657    -0.0270
9.000    0.3625    0.3669    -0.0267
9.500    0.3755    0.3683    -0.0265
10.000    0.3853    0.3702    -0.0261
10.500    0.3943    0.3725    -0.0256
11.000    0.4014    0.3755    -0.0251
11.500    0.4081    0.3786    -0.0247
12.000    0.4149    0.3822    -0.0245
12.500    0.4208    0.3866    -0.0245
13.000    0.4262    0.3910    -0.0247
13.500    0.4332    0.3954    -0.0250
14.500    0.4470    0.4056    -0.0258
15.000    0.4546    0.4111    -0.0264
15.500    0.4594    0.4170    -0.0272
16.000    0.4645    0.4225    -0.0281
16.500    0.4693    0.4287    -0.0290
17.000    0.4735    0.4348    -0.0301
17.500    0.4786    0.4409    -0.0313
18.000    0.4842    0.4471    -0.0326
19.000    0.4932    0.4593    -0.0350
19.500    0.4977    0.4657    -0.0364
20.500    0.5064    0.4778    -0.0390
21.000    0.5098    0.4835    -0.0399
22.000    0.5154    0.4952    -0.0417
23.000    0.5202    0.5072    -0.0434
24.000    0.5242    0.5195    -0.0452
25.000    0.5273    0.5321    -0.0469
26.000    0.5298    0.5449    -0.0486
28.000    0.5335    0.5708    -0.0519
30.000    0.5363    0.5969    -0.0550
32.000    0.5394    0.6229    -0.0581
35.000    0.5433    0.6612    -0.0625
40.000    0.5360    0.7218    -0.0695
45.000    0.5126    0.7759    -0.0761
50.000    0.4760    0.8211    -0.0823
55.000    0.4287    0.8552    -0.0881
60.000    0.3726    0.8763    -0.0935
65.000    0.3115    0.8835    -0.0986
70.000    0.2479    0.8759    -0.1034
75.000    0.1853    0.8540    -0.1079
80.000    0.1265    0.8192    -0.1120
85.000    0.0752    0.7774    -0.1158
90.000    0.0349    0.7501    -0.1193
95.000    0.0006    0.7510    -0.1223
100.000    -0.0332    0.7477    -0.1250
105.000    -0.0662    0.7402    -0.1271
110.000    -0.0980    0.7285    -0.1288
115.000    -0.1276    0.7129    -0.1298
120.000    -0.1546    0.6933    -0.1302
125.000    -0.1783    0.6702    -0.1297
130.000    -0.1977    0.6437    -0.1283
135.000    -0.2124    0.6144    -0.1257
140.000    -0.2217    0.5827    -0.1218
145.000    -0.2245    0.5493    -0.1162
150.000    -0.2203    0.5150    -0.1088
155.000    -0.2082    0.4808    -0.0992
160.000    -0.1870    0.4478    -0.0869
170.000    -0.1155    0.3914    -0.0523
175.000    -0.0637    0.3789    -0.0288
180.000    0.0000    0.3761    0.0000
EOT 1
