AeroDyn airfoil file.  Compatible with AeroDyn v13.0.
This file was generated automatically by HARP_Opt.
This data represents a 70.4 percent thick airfoil, and was interpolated between the airfoil data in the files NREL5MW_1000.dat and NREL5MW_0400.dat.
  1           Number of airfoil tables in this file
 1.000         Table ID parameter (Reynolds number in millions)
 4.440         Stall angle (deg)
  0           Zero lift angle of attack (deg)
  0           Cn slope for zero lift (dimensionless)
  0           Cn at stall value for positive angle of attack
  0           Cn at stall value for negative angle of attack
  0           Angle of attack for minimum CD (deg)
  0           Minimum CD value
-180.000    0.0000    0.2830    0.0000
-175.000    0.1075    0.2878    0.0461
-170.000    0.1959    0.3079    0.0837
-160.000    0.3167    0.4036    0.1388
-155.000    0.3527    0.4595    0.1583
-150.000    0.3735    0.5175    0.1735
-145.000    0.3809    0.5757    0.1851
-140.000    0.3759    0.6325    0.1937
-135.000    0.3606    0.6863    0.1997
-130.000    0.3355    0.7362    0.2035
-125.000    0.3024    0.7812    0.2055
-120.000    0.2625    0.8206    0.2060
-115.000    0.2166    0.8539    0.2051
-110.000    0.1663    0.8807    0.2031
-105.000    0.1125    0.9005    0.2001
-100.000    0.0562    0.9133    0.1963
-95.000    -0.0010    0.9189    0.1918
-90.000    -0.0592    0.9174    0.1865
-85.000    -0.1164    0.9086    0.1807
-80.000    -0.1722    0.8929    0.1743
-75.000    -0.2250    0.8703    0.1674
-70.000    -0.2748    0.8413    0.1600
-65.000    -0.3192    0.8061    0.1521
-60.000    -0.3587    0.7652    0.1438
-55.000    -0.3907    0.7193    0.1348
-50.000    -0.4154    0.6692    0.1255
-45.000    -0.4312    0.6157    0.1155
-40.000    -0.4371    0.5599    0.1050
-35.000    -0.4317    0.5033    0.0940
-30.000    -0.4139    0.4473    0.0824
-25.000    -0.3833    0.3939    0.0702
-24.000    -0.3754    0.3837    0.0676
-23.000    -0.3670    0.3737    0.0651
-22.000    -0.3577    0.3639    0.0626
-21.000    -0.3483    0.3544    0.0599
-20.000    -0.3379    0.3451    0.0573
-19.000    -0.3266    0.3366    0.0541
-18.000    -0.3133    0.3290    0.0499
-17.000    -0.2985    0.3223    0.0447
-16.000    -0.2817    0.3165    0.0387
-15.000    -0.2634    0.3117    0.0319
-14.000    -0.2437    0.3076    0.0244
-13.000    -0.2230    0.3044    0.0163
-12.000    -0.2008    0.3020    0.0077
-11.000    -0.1776    0.3002    -0.0013
-10.000    -0.1534    0.2993    -0.0105
-8.000    -0.1026    0.2992    -0.0296
-6.000    -0.0548    0.2873    -0.0247
-5.500    -0.0444    0.2836    -0.0255
-5.000    -0.0355    0.2803    -0.0262
-4.500    -0.0321    0.2770    -0.0265
-4.000    -0.0266    0.2736    -0.0268
-3.500    -0.0084    0.2706    -0.0273
-3.000    0.0015    0.2681    -0.0275
-2.500    0.0069    0.2659    -0.0274
-2.000    0.0044    0.2631    -0.0263
-1.500    0.0020    0.2614    -0.0218
-1.000    0.0178    0.2606    -0.0231
-0.500    0.0360    0.2601    -0.0258
0.000    0.0676    0.2589    -0.0283
0.500    0.1051    0.2590    -0.0318
1.000    0.1441    0.2592    -0.0354
1.500    0.1820    0.2594    -0.0386
2.000    0.2190    0.2595    -0.0412
2.500    0.2536    0.2595    -0.0427
3.000    0.2861    0.2594    -0.0438
3.500    0.3182    0.2593    -0.0444
4.000    0.3503    0.2592    -0.0451
4.500    0.3828    0.2594    -0.0460
5.000    0.4149    0.2595    -0.0467
5.500    0.4460    0.2597    -0.0472
6.000    0.4771    0.2600    -0.0477
6.500    0.5067    0.2604    -0.0480
7.000    0.5348    0.2611    -0.0480
7.500    0.5624    0.2619    -0.0480
8.000    0.5885    0.2631    -0.0478
8.500    0.6127    0.2647    -0.0473
9.000    0.6349    0.2669    -0.0468
9.500    0.6576    0.2693    -0.0465
10.000    0.6749    0.2727    -0.0457
10.500    0.6907    0.2768    -0.0448
11.000    0.7030    0.2819    -0.0439
11.500    0.7148    0.2874    -0.0433
12.000    0.7267    0.2936    -0.0429
12.500    0.7370    0.3013    -0.0429
13.000    0.7464    0.3090    -0.0432
13.500    0.7587    0.3169    -0.0437
14.500    0.7829    0.3347    -0.0452
15.000    0.7962    0.3444    -0.0463
15.500    0.8046    0.3546    -0.0477
16.000    0.8135    0.3643    -0.0491
16.500    0.8219    0.3750    -0.0509
17.000    0.8293    0.3857    -0.0527
17.500    0.8382    0.3964    -0.0548
18.000    0.8480    0.4073    -0.0571
19.000    0.8638    0.4287    -0.0613
19.500    0.8717    0.4400    -0.0637
20.500    0.8870    0.4611    -0.0683
21.000    0.8929    0.4711    -0.0699
22.000    0.9028    0.4916    -0.0730
23.000    0.9112    0.5127    -0.0761
24.000    0.9181    0.5342    -0.0791
25.000    0.9235    0.5563    -0.0821
26.000    0.9280    0.5786    -0.0851
28.000    0.9344    0.6240    -0.0908
30.000    0.9393    0.6698    -0.0964
32.000    0.9447    0.7153    -0.1018
35.000    0.9516    0.7823    -0.1095
40.000    0.9388    0.8884    -0.1218
45.000    0.8979    0.9833    -0.1332
50.000    0.8337    1.0624    -0.1441
55.000    0.7509    1.1220    -0.1543
60.000    0.6527    1.1591    -0.1638
65.000    0.5456    1.1716    -0.1728
70.000    0.4341    1.1585    -0.1812
75.000    0.3246    1.1200    -0.1889
80.000    0.2215    1.0591    -0.1962
85.000    0.1317    0.9858    -0.2029
90.000    0.0612    0.9380    -0.2089
95.000    0.0010    0.9397    -0.2143
100.000    -0.0582    0.9339    -0.2189
105.000    -0.1159    0.9207    -0.2227
110.000    -0.1717    0.9003    -0.2256
115.000    -0.2235    0.8728    -0.2274
120.000    -0.2708    0.8386    -0.2281
125.000    -0.3123    0.7980    -0.2272
130.000    -0.3463    0.7517    -0.2247
135.000    -0.3720    0.7003    -0.2201
140.000    -0.3883    0.6448    -0.2133
145.000    -0.3932    0.5863    -0.2036
150.000    -0.3858    0.5262    -0.1906
155.000    -0.3646    0.4664    -0.1737
160.000    -0.3276    0.4086    -0.1522
170.000    -0.2023    0.3098    -0.0917
175.000    -0.1115    0.2880    -0.0504
180.000    0.0000    0.2830    0.0000
EOT 1
