AeroDyn airfoil file.  Compatible with AeroDyn v13.0.
This file was generated automatically by HARP_Opt.
This data represents a 49.3 percent thick airfoil, and was interpolated between the airfoil data in the files NREL5MW_1000.dat and NREL5MW_0400.dat.
  1           Number of airfoil tables in this file
 1.000         Table ID parameter (Reynolds number in millions)
 7.605         Stall angle (deg)
  0           Zero lift angle of attack (deg)
  0           Cn slope for zero lift (dimensionless)
  0           Cn at stall value for positive angle of attack
  0           Cn at stall value for negative angle of attack
  0           Angle of attack for minimum CD (deg)
  0           Minimum CD value
-180.000    0.0000    0.1284    0.0000
-175.000    0.1842    0.1366    0.0789
-170.000    0.3355    0.1710    0.1434
-160.000    0.5425    0.3348    0.2377
-155.000    0.6042    0.4306    0.2711
-150.000    0.6397    0.5300    0.2971
-145.000    0.6523    0.6297    0.3170
-140.000    0.6439    0.7269    0.3317
-135.000    0.6177    0.8192    0.3421
-130.000    0.5746    0.9046    0.3486
-125.000    0.5180    0.9817    0.3520
-120.000    0.4495    1.0492    0.3529
-115.000    0.3710    1.1062    0.3514
-110.000    0.2848    1.1520    0.3479
-105.000    0.1927    1.1860    0.3428
-100.000    0.0963    1.2079    0.3362
-95.000    -0.0017    1.2176    0.3285
-90.000    -0.1014    1.2149    0.3195
-85.000    -0.1994    1.1999    0.3095
-80.000    -0.2949    1.1730    0.2986
-75.000    -0.3853    1.1343    0.2868
-70.000    -0.4707    1.0846    0.2741
-65.000    -0.5467    1.0242    0.2606
-60.000    -0.6143    0.9543    0.2462
-55.000    -0.6692    0.8757    0.2309
-50.000    -0.7115    0.7898    0.2149
-45.000    -0.7385    0.6982    0.1979
-40.000    -0.7487    0.6027    0.1799
-35.000    -0.7394    0.5057    0.1611
-30.000    -0.7090    0.4098    0.1411
-25.000    -0.6566    0.3182    0.1202
-24.000    -0.6430    0.3007    0.1158
-23.000    -0.6287    0.2837    0.1115
-22.000    -0.6126    0.2669    0.1071
-21.000    -0.5966    0.2506    0.1027
-20.000    -0.5788    0.2348    0.0982
-19.000    -0.5594    0.2201    0.0927
-18.000    -0.5366    0.2070    0.0855
-17.000    -0.5112    0.1956    0.0766
-16.000    -0.4825    0.1857    0.0662
-15.000    -0.4512    0.1775    0.0546
-14.000    -0.4174    0.1705    0.0417
-13.000    -0.3819    0.1650    0.0279
-12.000    -0.3439    0.1608    0.0132
-11.000    -0.3042    0.1579    -0.0022
-10.000    -0.2628    0.1562    -0.0180
-8.000    -0.1758    0.1561    -0.0507
-6.000    -0.0938    0.1357    -0.0423
-5.500    -0.0760    0.1294    -0.0436
-5.000    -0.0608    0.1237    -0.0450
-4.500    -0.0549    0.1181    -0.0455
-4.000    -0.0456    0.1122    -0.0460
-3.500    -0.0144    0.1070    -0.0468
-3.000    0.0025    0.1028    -0.0472
-2.500    0.0118    0.0990    -0.0469
-2.000    0.0076    0.0942    -0.0451
-1.500    0.0034    0.0914    -0.0373
-1.000    0.0304    0.0899    -0.0396
-0.500    0.0617    0.0891    -0.0441
0.000    0.1158    0.0870    -0.0484
0.500    0.1800    0.0871    -0.0544
1.000    0.2467    0.0875    -0.0607
1.500    0.3118    0.0878    -0.0662
2.000    0.3752    0.0880    -0.0706
2.500    0.4343    0.0880    -0.0732
3.000    0.4901    0.0879    -0.0750
3.500    0.5450    0.0876    -0.0760
4.000    0.5999    0.0876    -0.0772
4.500    0.6557    0.0878    -0.0788
5.000    0.7106    0.0881    -0.0800
5.500    0.7639    0.0884    -0.0809
6.000    0.8171    0.0889    -0.0817
6.500    0.8678    0.0897    -0.0822
7.000    0.9160    0.0909    -0.0821
7.500    0.9633    0.0922    -0.0821
8.000    1.0081    0.0942    -0.0818
8.500    1.0495    0.0970    -0.0810
9.000    1.0875    0.1007    -0.0801
9.500    1.1264    0.1048    -0.0796
10.000    1.1560    0.1107    -0.0782
10.500    1.1830    0.1176    -0.0767
11.000    1.2041    0.1265    -0.0752
11.500    1.2244    0.1359    -0.0741
12.000    1.2447    0.1465    -0.0735
12.500    1.2624    0.1597    -0.0735
13.000    1.2785    0.1729    -0.0740
13.500    1.2996    0.1863    -0.0749
14.500    1.3410    0.2169    -0.0775
15.000    1.3638    0.2334    -0.0793
15.500    1.3782    0.2509    -0.0816
16.000    1.3934    0.2676    -0.0842
16.500    1.4078    0.2860    -0.0871
17.000    1.4204    0.3043    -0.0903
17.500    1.4357    0.3226    -0.0938
18.000    1.4526    0.3412    -0.0978
19.000    1.4796    0.3778    -0.1049
19.500    1.4931    0.3972    -0.1091
20.500    1.5193    0.4334    -0.1169
21.000    1.5295    0.4506    -0.1197
22.000    1.5464    0.4856    -0.1250
23.000    1.5607    0.5217    -0.1303
24.000    1.5725    0.5586    -0.1355
25.000    1.5818    0.5964    -0.1406
26.000    1.5894    0.6346    -0.1457
28.000    1.6004    0.7123    -0.1556
30.000    1.6089    0.7908    -0.1651
32.000    1.6182    0.8688    -0.1743
35.000    1.6300    0.9835    -0.1876
40.000    1.6080    1.1653    -0.2085
45.000    1.5379    1.3278    -0.2282
50.000    1.4280    1.4634    -0.2468
55.000    1.2861    1.5655    -0.2642
60.000    1.1179    1.6289    -0.2806
65.000    0.9346    1.6504    -0.2959
70.000    0.7436    1.6278    -0.3103
75.000    0.5560    1.5619    -0.3236
80.000    0.3794    1.4577    -0.3361
85.000    0.2256    1.3321    -0.3475
90.000    0.1048    1.2503    -0.3578
95.000    0.0017    1.2531    -0.3670
100.000    -0.0997    1.2432    -0.3749
105.000    -0.1986    1.2206    -0.3814
110.000    -0.2941    1.1856    -0.3864
115.000    -0.3828    1.1386    -0.3895
120.000    -0.4639    1.0800    -0.3906
125.000    -0.5349    1.0105    -0.3892
130.000    -0.5932    0.9311    -0.3848
135.000    -0.6371    0.8431    -0.3770
140.000    -0.6650    0.7480    -0.3653
145.000    -0.6735    0.6479    -0.3487
150.000    -0.6608    0.5450    -0.3264
155.000    -0.6245    0.4424    -0.2975
160.000    -0.5611    0.3434    -0.2607
170.000    -0.3464    0.1742    -0.1570
175.000    -0.1910    0.1368    -0.0864
180.000    0.0000    0.1284    0.0000
EOT 1
