AeroDyn airfoil file.  Compatible with AeroDyn v13.0.
This file was generated automatically by HARP_Opt.
This data represents a 65.7 percent thick airfoil, and was interpolated between the airfoil data in the files NREL5MW_1000.dat and NREL5MW_0400.dat.
  1           Number of airfoil tables in this file
 1.000         Table ID parameter (Reynolds number in millions)
 5.145         Stall angle (deg)
  0           Zero lift angle of attack (deg)
  0           Cn slope for zero lift (dimensionless)
  0           Cn at stall value for positive angle of attack
  0           Cn at stall value for negative angle of attack
  0           Angle of attack for minimum CD (deg)
  0           Minimum CD value
-180.000    0.0000    0.2486    0.0000
-175.000    0.1246    0.2541    0.0534
-170.000    0.2270    0.2775    0.0970
-160.000    0.3670    0.3882    0.1608
-155.000    0.4087    0.4531    0.1834
-150.000    0.4328    0.5203    0.2010
-145.000    0.4413    0.5878    0.2145
-140.000    0.4356    0.6535    0.2244
-135.000    0.4179    0.7159    0.2314
-130.000    0.3887    0.7737    0.2359
-125.000    0.3504    0.8258    0.2382
-120.000    0.3041    0.8715    0.2387
-115.000    0.2510    0.9101    0.2377
-110.000    0.1927    0.9411    0.2354
-105.000    0.1303    0.9641    0.2319
-100.000    0.0652    0.9789    0.2275
-95.000    -0.0011    0.9855    0.2222
-90.000    -0.0686    0.9836    0.2161
-85.000    -0.1349    0.9735    0.2094
-80.000    -0.1995    0.9553    0.2020
-75.000    -0.2607    0.9292    0.1940
-70.000    -0.3184    0.8955    0.1854
-65.000    -0.3699    0.8547    0.1763
-60.000    -0.4156    0.8073    0.1666
-55.000    -0.4528    0.7542    0.1562
-50.000    -0.4813    0.6960    0.1454
-45.000    -0.4996    0.6341    0.1339
-40.000    -0.5065    0.5695    0.1217
-35.000    -0.5002    0.5038    0.1090
-30.000    -0.4796    0.4389    0.0955
-25.000    -0.4442    0.3770    0.0813
-24.000    -0.4350    0.3652    0.0784
-23.000    -0.4253    0.3537    0.0755
-22.000    -0.4145    0.3423    0.0725
-21.000    -0.4036    0.3313    0.0695
-20.000    -0.3916    0.3206    0.0664
-19.000    -0.3784    0.3106    0.0627
-18.000    -0.3630    0.3018    0.0579
-17.000    -0.3459    0.2941    0.0519
-16.000    -0.3264    0.2874    0.0448
-15.000    -0.3053    0.2818    0.0369
-14.000    -0.2824    0.2771    0.0282
-13.000    -0.2584    0.2734    0.0189
-12.000    -0.2327    0.2705    0.0089
-11.000    -0.2058    0.2685    -0.0015
-10.000    -0.1778    0.2674    -0.0122
-8.000    -0.1189    0.2673    -0.0343
-6.000    -0.0635    0.2536    -0.0286
-5.500    -0.0514    0.2493    -0.0295
-5.000    -0.0412    0.2454    -0.0304
-4.500    -0.0372    0.2416    -0.0308
-4.000    -0.0309    0.2377    -0.0311
-3.500    -0.0097    0.2341    -0.0317
-3.000    0.0017    0.2313    -0.0319
-2.500    0.0080    0.2287    -0.0317
-2.000    0.0051    0.2255    -0.0305
-1.500    0.0023    0.2235    -0.0253
-1.000    0.0206    0.2226    -0.0268
-0.500    0.0417    0.2220    -0.0298
0.000    0.0783    0.2206    -0.0328
0.500    0.1218    0.2207    -0.0368
1.000    0.1669    0.2209    -0.0410
1.500    0.2109    0.2211    -0.0448
2.000    0.2538    0.2213    -0.0477
2.500    0.2938    0.2213    -0.0495
3.000    0.3316    0.2212    -0.0507
3.500    0.3687    0.2210    -0.0514
4.000    0.4059    0.2210    -0.0523
4.500    0.4436    0.2211    -0.0533
5.000    0.4808    0.2213    -0.0541
5.500    0.5168    0.2215    -0.0547
6.000    0.5528    0.2219    -0.0553
6.500    0.5871    0.2224    -0.0556
7.000    0.6197    0.2232    -0.0556
7.500    0.6517    0.2241    -0.0556
8.000    0.6820    0.2255    -0.0553
8.500    0.7100    0.2274    -0.0548
9.000    0.7357    0.2299    -0.0542
9.500    0.7620    0.2326    -0.0539
10.000    0.7820    0.2366    -0.0529
10.500    0.8003    0.2413    -0.0519
11.000    0.8146    0.2473    -0.0509
11.500    0.8283    0.2537    -0.0501
12.000    0.8421    0.2608    -0.0497
12.500    0.8541    0.2698    -0.0497
13.000    0.8649    0.2787    -0.0501
13.500    0.8792    0.2878    -0.0506
14.500    0.9072    0.3085    -0.0524
15.000    0.9227    0.3196    -0.0537
15.500    0.9324    0.3315    -0.0552
16.000    0.9427    0.3428    -0.0569
16.500    0.9524    0.3552    -0.0589
17.000    0.9610    0.3676    -0.0611
17.500    0.9713    0.3800    -0.0635
18.000    0.9827    0.3926    -0.0661
19.000    1.0010    0.4173    -0.0710
19.500    1.0101    0.4304    -0.0738
20.500    1.0279    0.4550    -0.0791
21.000    1.0347    0.4666    -0.0809
22.000    1.0461    0.4903    -0.0845
23.000    1.0559    0.5147    -0.0882
24.000    1.0639    0.5397    -0.0916
25.000    1.0702    0.5652    -0.0951
26.000    1.0753    0.5911    -0.0986
28.000    1.0827    0.6437    -0.1052
30.000    1.0885    0.6967    -0.1117
32.000    1.0947    0.7495    -0.1179
35.000    1.1027    0.8271    -0.1269
40.000    1.0879    0.9501    -0.1411
45.000    1.0404    1.0600    -0.1544
50.000    0.9661    1.1518    -0.1670
55.000    0.8701    1.2208    -0.1788
60.000    0.7563    1.2637    -0.1899
65.000    0.6323    1.2783    -0.2002
70.000    0.5031    1.2630    -0.2099
75.000    0.3762    1.2184    -0.2189
80.000    0.2567    1.1479    -0.2274
85.000    0.1526    1.0629    -0.2351
90.000    0.0709    1.0076    -0.2420
95.000    0.0011    1.0095    -0.2483
100.000    -0.0675    1.0028    -0.2536
105.000    -0.1343    0.9875    -0.2581
110.000    -0.1989    0.9639    -0.2614
115.000    -0.2590    0.9320    -0.2635
120.000    -0.3138    0.8924    -0.2643
125.000    -0.3619    0.8453    -0.2633
130.000    -0.4013    0.7917    -0.2603
135.000    -0.4310    0.7321    -0.2551
140.000    -0.4499    0.6678    -0.2471
145.000    -0.4556    0.6000    -0.2359
150.000    -0.4470    0.5304    -0.2208
155.000    -0.4225    0.4610    -0.2013
160.000    -0.3796    0.3941    -0.1764
170.000    -0.2344    0.2796    -0.1062
175.000    -0.1292    0.2543    -0.0584
180.000    0.0000    0.2486    0.0000
EOT 1
