AeroDyn airfoil file.  Compatible with AeroDyn v13.0.
This file was generated automatically by HARP_Opt.
This data represents a 42.5 percent thick airfoil, and was interpolated between the airfoil data in the files NREL5MW_1000.dat and NREL5MW_0400.dat.
  1           Number of airfoil tables in this file
 1.000         Table ID parameter (Reynolds number in millions)
 8.625         Stall angle (deg)
  0           Zero lift angle of attack (deg)
  0           Cn slope for zero lift (dimensionless)
  0           Cn at stall value for positive angle of attack
  0           Cn at stall value for negative angle of attack
  0           Angle of attack for minimum CD (deg)
  0           Minimum CD value
-180.000    0.0000    0.0785    0.0000
-175.000    0.2089    0.0878    0.0895
-170.000    0.3805    0.1269    0.1626
-160.000    0.6153    0.3126    0.2696
-155.000    0.6852    0.4213    0.3074
-150.000    0.7255    0.5340    0.3370
-145.000    0.7398    0.6471    0.3596
-140.000    0.7303    0.7573    0.3762
-135.000    0.7005    0.8620    0.3879
-130.000    0.6517    0.9588    0.3954
-125.000    0.5875    1.0463    0.3992
-120.000    0.5098    1.1228    0.4002
-115.000    0.4207    1.1875    0.3985
-110.000    0.3230    1.2394    0.3945
-105.000    0.2185    1.2780    0.3888
-100.000    0.1093    1.3029    0.3813
-95.000    -0.0019    1.3138    0.3725
-90.000    -0.1150    1.3108    0.3623
-85.000    -0.2262    1.2938    0.3510
-80.000    -0.3345    1.2632    0.3387
-75.000    -0.4370    1.2194    0.3253
-70.000    -0.5338    1.1630    0.3109
-65.000    -0.6200    1.0946    0.2956
-60.000    -0.6967    1.0152    0.2793
-55.000    -0.7590    0.9261    0.2619
-50.000    -0.8069    0.8286    0.2437
-45.000    -0.8376    0.7247    0.2244
-40.000    -0.8491    0.6164    0.2040
-35.000    -0.8385    0.5064    0.1827
-30.000    -0.8040    0.3977    0.1600
-25.000    -0.7446    0.2939    0.1363
-24.000    -0.7293    0.2740    0.1314
-23.000    -0.7130    0.2547    0.1265
-22.000    -0.6948    0.2357    0.1215
-21.000    -0.6766    0.2172    0.1164
-20.000    -0.6565    0.1992    0.1114
-19.000    -0.6344    0.1825    0.1051
-18.000    -0.6085    0.1677    0.0970
-17.000    -0.5798    0.1548    0.0869
-16.000    -0.5472    0.1436    0.0751
-15.000    -0.5118    0.1342    0.0619
-14.000    -0.4734    0.1263    0.0473
-13.000    -0.4332    0.1201    0.0316
-12.000    -0.3900    0.1153    0.0150
-11.000    -0.3450    0.1120    -0.0025
-10.000    -0.2980    0.1101    -0.0204
-8.000    -0.1993    0.1100    -0.0575
-6.000    -0.1064    0.0869    -0.0479
-5.500    -0.0862    0.0797    -0.0495
-5.000    -0.0690    0.0733    -0.0510
-4.500    -0.0623    0.0668    -0.0516
-4.000    -0.0518    0.0602    -0.0521
-3.500    -0.0163    0.0543    -0.0531
-3.000    0.0029    0.0495    -0.0535
-2.500    0.0134    0.0453    -0.0532
-2.000    0.0086    0.0398    -0.0512
-1.500    0.0038    0.0365    -0.0424
-1.000    0.0345    0.0349    -0.0449
-0.500    0.0700    0.0340    -0.0500
0.000    0.1313    0.0317    -0.0549
0.500    0.2041    0.0318    -0.0617
1.000    0.2798    0.0321    -0.0688
1.500    0.3536    0.0325    -0.0750
2.000    0.4255    0.0327    -0.0800
2.500    0.4926    0.0327    -0.0830
3.000    0.5558    0.0326    -0.0850
3.500    0.6181    0.0323    -0.0862
4.000    0.6804    0.0322    -0.0876
4.500    0.7437    0.0325    -0.0894
5.000    0.8060    0.0328    -0.0908
5.500    0.8663    0.0332    -0.0917
6.000    0.9267    0.0338    -0.0927
6.500    0.9842    0.0346    -0.0932
7.000    1.0388    0.0360    -0.0931
7.500    1.0925    0.0375    -0.0931
8.000    1.1433    0.0398    -0.0928
8.500    1.1903    0.0430    -0.0918
9.000    1.2334    0.0472    -0.0909
9.500    1.2775    0.0518    -0.0903
10.000    1.3110    0.0585    -0.0887
10.500    1.3417    0.0664    -0.0870
11.000    1.3656    0.0764    -0.0853
11.500    1.3886    0.0871    -0.0840
12.000    1.4116    0.0990    -0.0834
12.500    1.4318    0.1141    -0.0834
13.000    1.4500    0.1290    -0.0839
13.500    1.4739    0.1443    -0.0849
14.500    1.5209    0.1790    -0.0879
15.000    1.5468    0.1976    -0.0900
15.500    1.5630    0.2175    -0.0926
16.000    1.5803    0.2365    -0.0954
16.500    1.5966    0.2573    -0.0988
17.000    1.6110    0.2781    -0.1024
17.500    1.6282    0.2987    -0.1064
18.000    1.6474    0.3199    -0.1109
19.000    1.6780    0.3614    -0.1190
19.500    1.6934    0.3834    -0.1237
20.500    1.7231    0.4245    -0.1326
21.000    1.7346    0.4439    -0.1357
22.000    1.7538    0.4837    -0.1417
23.000    1.7700    0.5246    -0.1478
24.000    1.7835    0.5665    -0.1536
25.000    1.7940    0.6093    -0.1595
26.000    1.8026    0.6527    -0.1652
28.000    1.8151    0.7408    -0.1764
30.000    1.8247    0.8298    -0.1873
32.000    1.8352    0.9182    -0.1977
35.000    1.8486    1.0484    -0.2128
40.000    1.8237    1.2545    -0.2365
45.000    1.7442    1.4388    -0.2588
50.000    1.6196    1.5926    -0.2799
55.000    1.4586    1.7084    -0.2997
60.000    1.2679    1.7803    -0.3183
65.000    1.0599    1.8047    -0.3356
70.000    0.8433    1.7791    -0.3519
75.000    0.6306    1.7043    -0.3670
80.000    0.4303    1.5862    -0.3811
85.000    0.2559    1.4437    -0.3941
90.000    0.1188    1.3509    -0.4058
95.000    0.0019    1.3541    -0.4162
100.000    -0.1131    1.3429    -0.4252
105.000    -0.2252    1.3173    -0.4326
110.000    -0.3335    1.2776    -0.4382
115.000    -0.4341    1.2242    -0.4418
120.000    -0.5261    1.1578    -0.4430
125.000    -0.6066    1.0789    -0.4414
130.000    -0.6727    0.9889    -0.4364
135.000    -0.7226    0.8891    -0.4276
140.000    -0.7542    0.7813    -0.4143
145.000    -0.7638    0.6677    -0.3955
150.000    -0.7494    0.5510    -0.3702
155.000    -0.7082    0.4346    -0.3374
160.000    -0.6363    0.3224    -0.2956
170.000    -0.3929    0.1305    -0.1781
175.000    -0.2166    0.0881    -0.0979
180.000    0.0000    0.0785    0.0000
EOT 1
