AeroDyn airfoil file.  Compatible with AeroDyn v13.0.
This file was generated automatically by HARP_Opt.
This data represents a 45.6 percent thick airfoil, and was interpolated between the airfoil data in the files NREL5MW_1000.dat and NREL5MW_0400.dat.
  1           Number of airfoil tables in this file
 1.000         Table ID parameter (Reynolds number in millions)
 8.160         Stall angle (deg)
  0           Zero lift angle of attack (deg)
  0           Cn slope for zero lift (dimensionless)
  0           Cn at stall value for positive angle of attack
  0           Cn at stall value for negative angle of attack
  0           Angle of attack for minimum CD (deg)
  0           Minimum CD value
-180.000    0.0000    0.1012    0.0000
-175.000    0.1977    0.1100    0.0847
-170.000    0.3599    0.1470    0.1539
-160.000    0.5821    0.3227    0.2550
-155.000    0.6483    0.4256    0.2909
-150.000    0.6863    0.5322    0.3188
-145.000    0.6999    0.6392    0.3402
-140.000    0.6909    0.7434    0.3560
-135.000    0.6628    0.8424    0.3670
-130.000    0.6165    0.9341    0.3741
-125.000    0.5558    1.0168    0.3777
-120.000    0.4823    1.0892    0.3786
-115.000    0.3980    1.1504    0.3770
-110.000    0.3055    1.1996    0.3733
-105.000    0.2067    1.2360    0.3678
-100.000    0.1034    1.2596    0.3608
-95.000    -0.0018    1.2699    0.3524
-90.000    -0.1088    1.2670    0.3428
-85.000    -0.2140    1.2510    0.3321
-80.000    -0.3164    1.2221    0.3204
-75.000    -0.4134    1.1806    0.3077
-70.000    -0.5050    1.1272    0.2941
-65.000    -0.5866    1.0625    0.2796
-60.000    -0.6591    0.9874    0.2642
-55.000    -0.7181    0.9031    0.2478
-50.000    -0.7634    0.8109    0.2306
-45.000    -0.7924    0.7126    0.2123
-40.000    -0.8033    0.6102    0.1930
-35.000    -0.7933    0.5061    0.1728
-30.000    -0.7607    0.4032    0.1514
-25.000    -0.7045    0.3050    0.1289
-24.000    -0.6900    0.2862    0.1243
-23.000    -0.6746    0.2679    0.1197
-22.000    -0.6573    0.2499    0.1150
-21.000    -0.6401    0.2324    0.1102
-20.000    -0.6211    0.2154    0.1054
-19.000    -0.6002    0.1996    0.0995
-18.000    -0.5757    0.1857    0.0918
-17.000    -0.5485    0.1734    0.0822
-16.000    -0.5177    0.1628    0.0711
-15.000    -0.4842    0.1539    0.0586
-14.000    -0.4479    0.1465    0.0448
-13.000    -0.4098    0.1406    0.0299
-12.000    -0.3690    0.1361    0.0141
-11.000    -0.3264    0.1329    -0.0024
-10.000    -0.2820    0.1311    -0.0193
-8.000    -0.1886    0.1310    -0.0544
-6.000    -0.1006    0.1091    -0.0453
-5.500    -0.0816    0.1023    -0.0468
-5.000    -0.0653    0.0963    -0.0482
-4.500    -0.0589    0.0902    -0.0488
-4.000    -0.0490    0.0839    -0.0493
-3.500    -0.0154    0.0783    -0.0502
-3.000    0.0027    0.0738    -0.0506
-2.500    0.0127    0.0698    -0.0503
-2.000    0.0082    0.0646    -0.0484
-1.500    0.0036    0.0615    -0.0401
-1.000    0.0326    0.0600    -0.0425
-0.500    0.0662    0.0591    -0.0473
0.000    0.1242    0.0569    -0.0520
0.500    0.1931    0.0570    -0.0584
1.000    0.2647    0.0574    -0.0651
1.500    0.3346    0.0577    -0.0710
2.000    0.4026    0.0579    -0.0757
2.500    0.4660    0.0579    -0.0785
3.000    0.5259    0.0578    -0.0804
3.500    0.5848    0.0575    -0.0816
4.000    0.6437    0.0575    -0.0829
4.500    0.7036    0.0577    -0.0846
5.000    0.7625    0.0580    -0.0859
5.500    0.8196    0.0584    -0.0868
6.000    0.8767    0.0589    -0.0877
6.500    0.9311    0.0597    -0.0882
7.000    0.9828    0.0610    -0.0881
7.500    1.0336    0.0624    -0.0881
8.000    1.0817    0.0646    -0.0878
8.500    1.1261    0.0676    -0.0869
9.000    1.1669    0.0716    -0.0860
9.500    1.2086    0.0760    -0.0854
10.000    1.2403    0.0823    -0.0840
10.500    1.2693    0.0897    -0.0823
11.000    1.2920    0.0993    -0.0807
11.500    1.3138    0.1093    -0.0795
12.000    1.3355    0.1207    -0.0789
12.500    1.3546    0.1349    -0.0789
13.000    1.3718    0.1490    -0.0794
13.500    1.3945    0.1634    -0.0803
14.500    1.4389    0.1963    -0.0831
15.000    1.4634    0.2139    -0.0851
15.500    1.4788    0.2327    -0.0876
16.000    1.4951    0.2507    -0.0903
16.500    1.5105    0.2703    -0.0935
17.000    1.5241    0.2900    -0.0969
17.500    1.5404    0.3096    -0.1006
18.000    1.5586    0.3296    -0.1049
19.000    1.5876    0.3689    -0.1126
19.500    1.6021    0.3897    -0.1171
20.500    1.6302    0.4286    -0.1255
21.000    1.6411    0.4470    -0.1284
22.000    1.6592    0.4846    -0.1341
23.000    1.6746    0.5233    -0.1398
24.000    1.6873    0.5629    -0.1453
25.000    1.6973    0.6035    -0.1509
26.000    1.7054    0.6444    -0.1563
28.000    1.7172    0.7278    -0.1669
30.000    1.7263    0.8120    -0.1772
32.000    1.7363    0.8957    -0.1870
35.000    1.7490    1.0188    -0.2013
40.000    1.7254    1.2138    -0.2238
45.000    1.6501    1.3882    -0.2449
50.000    1.5323    1.5337    -0.2648
55.000    1.3799    1.6432    -0.2835
60.000    1.1995    1.7113    -0.3011
65.000    1.0028    1.7343    -0.3175
70.000    0.7979    1.7101    -0.3329
75.000    0.5966    1.6394    -0.3473
80.000    0.4071    1.5276    -0.3606
85.000    0.2421    1.3928    -0.3728
90.000    0.1124    1.3050    -0.3839
95.000    0.0018    1.3080    -0.3938
100.000    -0.1070    1.2974    -0.4023
105.000    -0.2131    1.2732    -0.4093
110.000    -0.3155    1.2357    -0.4146
115.000    -0.4107    1.1852    -0.4180
120.000    -0.4978    1.1223    -0.4192
125.000    -0.5739    1.0477    -0.4176
130.000    -0.6365    0.9626    -0.4129
135.000    -0.6836    0.8681    -0.4046
140.000    -0.7135    0.7661    -0.3920
145.000    -0.7226    0.6587    -0.3742
150.000    -0.7090    0.5482    -0.3502
155.000    -0.6700    0.4382    -0.3192
160.000    -0.6020    0.3320    -0.2797
170.000    -0.3717    0.1504    -0.1685
175.000    -0.2049    0.1103    -0.0927
180.000    0.0000    0.1012    0.0000
EOT 1
