AeroDyn airfoil file.  Compatible with AeroDyn v13.0.
This file was generated automatically by HARP_Opt.
This data represents a 69 percent thick airfoil, and was interpolated between the airfoil data in the files NREL5MW_1000.dat and NREL5MW_0400.dat.
  1           Number of airfoil tables in this file
 1.000         Table ID parameter (Reynolds number in millions)
 4.650         Stall angle (deg)
  0           Zero lift angle of attack (deg)
  0           Cn slope for zero lift (dimensionless)
  0           Cn at stall value for positive angle of attack
  0           Cn at stall value for negative angle of attack
  0           Angle of attack for minimum CD (deg)
  0           Minimum CD value
-180.000    0.0000    0.2728    0.0000
-175.000    0.1126    0.2778    0.0483
-170.000    0.2051    0.2989    0.0877
-160.000    0.3317    0.3990    0.1453
-155.000    0.3694    0.4576    0.1657
-150.000    0.3911    0.5183    0.1817
-145.000    0.3989    0.5793    0.1939
-140.000    0.3937    0.6387    0.2028
-135.000    0.3777    0.6951    0.2091
-130.000    0.3513    0.7474    0.2132
-125.000    0.3167    0.7945    0.2152
-120.000    0.2749    0.8358    0.2158
-115.000    0.2268    0.8707    0.2148
-110.000    0.1741    0.8987    0.2127
-105.000    0.1178    0.9194    0.2096
-100.000    0.0589    0.9329    0.2056
-95.000    -0.0010    0.9388    0.2008
-90.000    -0.0620    0.9371    0.1954
-85.000    -0.1219    0.9280    0.1893
-80.000    -0.1803    0.9115    0.1826
-75.000    -0.2356    0.8879    0.1754
-70.000    -0.2878    0.8574    0.1676
-65.000    -0.3343    0.8205    0.1593
-60.000    -0.3756    0.7778    0.1506
-55.000    -0.4092    0.7297    0.1412
-50.000    -0.4350    0.6772    0.1314
-45.000    -0.4516    0.6212    0.1210
-40.000    -0.4578    0.5628    0.1100
-35.000    -0.4521    0.5035    0.0985
-30.000    -0.4335    0.4448    0.0863
-25.000    -0.4015    0.3889    0.0735
-24.000    -0.3932    0.3782    0.0708
-23.000    -0.3844    0.3677    0.0682
-22.000    -0.3746    0.3575    0.0655
-21.000    -0.3648    0.3475    0.0628
-20.000    -0.3539    0.3378    0.0600
-19.000    -0.3420    0.3288    0.0567
-18.000    -0.3281    0.3209    0.0523
-17.000    -0.3126    0.3139    0.0469
-16.000    -0.2950    0.3079    0.0405
-15.000    -0.2759    0.3028    0.0334
-14.000    -0.2552    0.2986    0.0255
-13.000    -0.2335    0.2952    0.0171
-12.000    -0.2103    0.2926    0.0081
-11.000    -0.1860    0.2908    -0.0013
-10.000    -0.1607    0.2898    -0.0110
-8.000    -0.1075    0.2897    -0.0310
-6.000    -0.0574    0.2773    -0.0258
-5.500    -0.0465    0.2734    -0.0267
-5.000    -0.0372    0.2699    -0.0275
-4.500    -0.0336    0.2665    -0.0278
-4.000    -0.0279    0.2629    -0.0281
-3.500    -0.0088    0.2597    -0.0286
-3.000    0.0016    0.2571    -0.0288
-2.500    0.0072    0.2548    -0.0287
-2.000    0.0047    0.2519    -0.0276
-1.500    0.0021    0.2501    -0.0228
-1.000    0.0186    0.2493    -0.0242
-0.500    0.0377    0.2487    -0.0270
0.000    0.0708    0.2475    -0.0296
0.500    0.1101    0.2476    -0.0333
1.000    0.1509    0.2478    -0.0371
1.500    0.1907    0.2480    -0.0405
2.000    0.2294    0.2481    -0.0431
2.500    0.2656    0.2481    -0.0447
3.000    0.2997    0.2480    -0.0458
3.500    0.3333    0.2479    -0.0465
4.000    0.3668    0.2478    -0.0472
4.500    0.4009    0.2480    -0.0482
5.000    0.4345    0.2481    -0.0489
5.500    0.4671    0.2483    -0.0494
6.000    0.4996    0.2486    -0.0500
6.500    0.5306    0.2491    -0.0503
7.000    0.5601    0.2498    -0.0502
7.500    0.5890    0.2507    -0.0502
8.000    0.6164    0.2519    -0.0500
8.500    0.6417    0.2536    -0.0495
9.000    0.6650    0.2559    -0.0490
9.500    0.6887    0.2584    -0.0487
10.000    0.7068    0.2620    -0.0478
10.500    0.7233    0.2662    -0.0469
11.000    0.7363    0.2716    -0.0460
11.500    0.7487    0.2774    -0.0453
12.000    0.7611    0.2838    -0.0450
12.500    0.7719    0.2919    -0.0450
13.000    0.7817    0.3000    -0.0453
13.500    0.7946    0.3082    -0.0458
14.500    0.8200    0.3269    -0.0474
15.000    0.8339    0.3370    -0.0485
15.500    0.8427    0.3477    -0.0499
16.000    0.8520    0.3579    -0.0515
16.500    0.8608    0.3691    -0.0533
17.000    0.8685    0.3803    -0.0552
17.500    0.8778    0.3915    -0.0574
18.000    0.8882    0.4029    -0.0598
19.000    0.9047    0.4253    -0.0642
19.500    0.9130    0.4371    -0.0667
20.500    0.9290    0.4593    -0.0715
21.000    0.9352    0.4698    -0.0732
22.000    0.9455    0.4912    -0.0764
23.000    0.9543    0.5133    -0.0797
24.000    0.9615    0.5359    -0.0828
25.000    0.9672    0.5590    -0.0860
26.000    0.9719    0.5823    -0.0891
28.000    0.9786    0.6298    -0.0951
30.000    0.9837    0.6778    -0.1010
32.000    0.9894    0.7255    -0.1066
35.000    0.9967    0.7956    -0.1147
40.000    0.9832    0.9068    -0.1275
45.000    0.9403    1.0061    -0.1396
50.000    0.8732    1.0891    -0.1509
55.000    0.7864    1.1515    -0.1616
60.000    0.6835    1.1903    -0.1716
65.000    0.5714    1.2034    -0.1809
70.000    0.4547    1.1896    -0.1897
75.000    0.3400    1.1493    -0.1979
80.000    0.2320    1.0856    -0.2055
85.000    0.1380    1.0088    -0.2125
90.000    0.0641    0.9587    -0.2188
95.000    0.0010    0.9605    -0.2244
100.000    -0.0610    0.9544    -0.2292
105.000    -0.1214    0.9406    -0.2332
110.000    -0.1798    0.9192    -0.2363
115.000    -0.2341    0.8904    -0.2382
120.000    -0.2837    0.8546    -0.2389
125.000    -0.3271    0.8121    -0.2380
130.000    -0.3627    0.7636    -0.2353
135.000    -0.3896    0.7098    -0.2305
140.000    -0.4066    0.6516    -0.2234
145.000    -0.4118    0.5904    -0.2132
150.000    -0.4040    0.5275    -0.1996
155.000    -0.3818    0.4648    -0.1819
160.000    -0.3431    0.4043    -0.1594
170.000    -0.2118    0.3008    -0.0960
175.000    -0.1168    0.2779    -0.0528
180.000    0.0000    0.2728    0.0000
EOT 1
