AeroDyn airfoil file.  Compatible with AeroDyn v13.0.
This file was generated automatically by HARP_Opt.
This data represents a 32.3 percent thick airfoil, and was interpolated between the airfoil data in the files NREL5MW_0350.dat and NREL5MW_0300.dat.
  1           Number of airfoil tables in this file
 1.000         Table ID parameter (Reynolds number in millions)
10.150         Stall angle (deg)
  0           Zero lift angle of attack (deg)
  0           Cn slope for zero lift (dimensionless)
  0           Cn at stall value for positive angle of attack
  0           Cn at stall value for negative angle of attack
  0           Angle of attack for minimum CD (deg)
  0           Minimum CD value
-180.000    0.0000    0.0331    0.0000
-175.000    0.2505    0.0433    0.1176
-170.000    0.4817    0.1008    0.2283
-160.000    0.6726    0.2925    0.2776
-155.000    0.7508    0.4069    0.3162
-150.000    0.7985    0.5267    0.3461
-145.000    0.8171    0.6477    0.3688
-140.000    0.8113    0.7663    0.3853
-135.000    0.7824    0.8797    0.3967
-130.000    0.7339    0.9853    0.4037
-125.000    0.6675    1.0813    0.4070
-120.000    0.5865    1.1661    0.4073
-115.000    0.4929    1.2385    0.4048
-110.000    0.3898    1.2975    0.4002
-105.000    0.2793    1.3424    0.3936
-100.000    0.1622    1.3729    0.3853
-95.000    0.0426    1.3884    0.3757
-90.000    -0.0780    1.3891    0.3647
-85.000    -0.1982    1.3748    0.3525
-80.000    -0.3153    1.3459    0.3393
-75.000    -0.4275    1.3025    0.3251
-70.000    -0.5327    1.2454    0.3100
-65.000    -0.6294    1.1752    0.2939
-60.000    -0.7135    1.0928    0.2770
-55.000    -0.7842    0.9994    0.2590
-50.000    -0.8389    0.8965    0.2402
-45.000    -0.8761    0.7861    0.2204
-40.000    -0.8922    0.6703    0.1996
-35.000    -0.8849    0.5517    0.1779
-30.000    -0.8525    0.4336    0.1551
-25.000    -0.8099    0.3207    0.1303
-24.000    -0.8134    0.2995    0.1243
-23.000    -0.8217    0.2791    0.1179
-22.000    -0.8334    0.2592    0.1112
-21.000    -0.8485    0.2400    0.1041
-20.000    -0.8658    0.2215    0.0968
-19.000    -0.8848    0.2036    0.0893
-18.000    -0.9056    0.1865    0.0815
-17.000    -0.9269    0.1700    0.0735
-16.000    -0.9488    0.1545    0.0645
-15.000    -0.9548    0.1392    0.0543
-14.000    -0.9103    0.1223    0.0425
-13.000    -0.8557    0.1054    0.0281
-12.000    -0.7965    0.0890    0.0117
-11.000    -0.7393    0.0753    -0.0029
-10.000    -0.6796    0.0634    -0.0162
-5.540    -0.4238    0.0170    -0.0780
-5.040    -0.3744    0.0156    -0.0797
-4.540    -0.3381    0.0140    -0.0812
-4.040    -0.3016    0.0129    -0.0827
-3.540    -0.2460    0.0123    -0.0844
-3.040    -0.1809    0.0114    -0.0860
-3.000    -0.1752    0.0158    -0.0780
-2.500    -0.1025    0.0134    -0.0819
-2.000    -0.0327    0.0121    -0.0851
-1.500    0.0372    0.0111    -0.0880
-1.000    0.1060    0.0102    -0.0908
-0.500    0.1739    0.0095    -0.0933
0.000    0.2457    0.0090    -0.0956
0.325    0.2895    0.0091    -0.0974
0.650    0.3336    0.0092    -0.0991
0.975    0.3779    0.0092    -0.1008
1.298    0.4216    0.0093    -0.1025
1.620    0.4647    0.0094    -0.1040
1.940    0.5079    0.0094    -0.1054
2.259    0.5508    0.0095    -0.1068
2.575    0.5928    0.0096    -0.1081
2.888    0.6340    0.0097    -0.1094
3.198    0.6752    0.0097    -0.1105
3.505    0.7160    0.0098    -0.1116
3.809    0.7557    0.0099    -0.1128
4.109    0.7951    0.0100    -0.1138
4.404    0.8341    0.0101    -0.1149
4.695    0.8721    0.0101    -0.1159
4.981    0.9092    0.0102    -0.1168
5.262    0.9459    0.0102    -0.1177
5.537    0.9816    0.0103    -0.1185
5.807    1.0162    0.0105    -0.1191
6.071    1.0497    0.0106    -0.1197
6.328    1.0826    0.0107    -0.1202
6.580    1.1147    0.0108    -0.1207
6.824    1.1456    0.0109    -0.1211
7.061    1.1753    0.0110    -0.1214
7.291    1.2032    0.0112    -0.1217
7.514    1.2300    0.0114    -0.1219
7.729    1.2543    0.0116    -0.1216
7.936    1.2775    0.0118    -0.1213
8.134    1.3000    0.0121    -0.1207
8.325    1.3216    0.0124    -0.1199
8.507    1.3416    0.0127    -0.1191
8.680    1.3592    0.0132    -0.1182
8.844    1.3759    0.0136    -0.1172
8.999    1.3909    0.0141    -0.1163
9.145    1.4042    0.0146    -0.1154
9.281    1.4165    0.0150    -0.1145
9.408    1.4278    0.0155    -0.1137
9.525    1.4383    0.0159    -0.1130
9.633    1.4479    0.0162    -0.1124
9.730    1.4564    0.0166    -0.1118
9.818    1.4636    0.0170    -0.1113
9.896    1.4699    0.0174    -0.1108
9.963    1.4754    0.0177    -0.1104
10.020    1.4801    0.0180    -0.1101
10.067    1.4839    0.0182    -0.1098
10.103    1.4869    0.0183    -0.1095
10.129    1.4890    0.0185    -0.1094
10.145    1.4903    0.0185    -0.1093
10.150    1.4907    0.0186    -0.1092
10.168    1.4919    0.0187    -0.1091
10.222    1.4955    0.0190    -0.1087
10.311    1.5015    0.0195    -0.1081
10.436    1.5099    0.0202    -0.1073
10.597    1.5207    0.0211    -0.1062
10.793    1.5338    0.0223    -0.1050
11.024    1.5494    0.0239    -0.1034
11.290    1.5657    0.0261    -0.1013
11.590    1.5824    0.0291    -0.0991
11.925    1.5973    0.0330    -0.0968
12.294    1.6106    0.0381    -0.0947
12.697    1.6172    0.0452    -0.0926
13.133    1.6207    0.0551    -0.0905
13.601    1.6127    0.0679    -0.0887
14.102    1.5591    0.0858    -0.0875
14.635    1.5120    0.1041    -0.0877
15.198    1.4776    0.1242    -0.0893
15.793    1.4609    0.1459    -0.0920
16.417    1.4438    0.1702    -0.0962
17.071    1.4338    0.1969    -0.1018
17.753    1.4283    0.2212    -0.1088
18.464    1.4325    0.2451    -0.1161
19.201    1.4456    0.2684    -0.1236
19.966    1.4642    0.2915    -0.1302
20.755    1.4813    0.3149    -0.1373
21.570    1.4897    0.3404    -0.1430
22.409    1.4813    0.3685    -0.1480
23.271    1.4694    0.3982    -0.1532
24.156    1.4567    0.4292    -0.1584
25.062    1.4433    0.4614    -0.1637
25.988    1.4293    0.4945    -0.1690
26.934    1.4163    0.5285    -0.1743
27.898    1.4037    0.5632    -0.1798
28.881    1.3941    0.5985    -0.1851
29.879    1.3857    0.6342    -0.1906
30.893    1.3826    0.6699    -0.1960
31.922    1.3809    0.7059    -0.2014
32.964    1.3844    0.7416    -0.2068
34.018    1.3889    0.7775    -0.2122
35.084    1.3926    0.8137    -0.2176
36.160    1.3905    0.8492    -0.2229
37.245    1.3883    0.8850    -0.2283
38.338    1.3861    0.9211    -0.2336
39.438    1.3839    0.9574    -0.2390
40.543    1.3774    0.9925    -0.2443
41.654    1.3665    1.0263    -0.2494
42.767    1.3557    1.0603    -0.2546
43.883    1.3448    1.0943    -0.2597
45.000    1.3338    1.1284    -0.2649
50.000    1.2518    1.2634    -0.2867
55.000    1.1410    1.3754    -0.3072
60.000    1.0079    1.4604    -0.3265
65.000    0.8583    1.5157    -0.3446
70.000    0.6998    1.5394    -0.3616
75.000    0.5371    1.5317    -0.3774
80.000    0.3776    1.4948    -0.3921
85.000    0.2284    1.4381    -0.4057
90.000    0.0961    1.3985    -0.4180
95.000    -0.0263    1.3994    -0.4289
100.000    -0.1468    1.3851    -0.4385
105.000    -0.2642    1.3560    -0.4463
110.000    -0.3767    1.3120    -0.4524
115.000    -0.4816    1.2539    -0.4563
120.000    -0.5766    1.1822    -0.4577
125.000    -0.6595    1.0977    -0.4563
130.000    -0.7270    1.0019    -0.4514
135.000    -0.7775    0.8961    -0.4424
140.000    -0.8079    0.7823    -0.4288
145.000    -0.8164    0.6628    -0.4095
150.000    -0.7984    0.5407    -0.3836
155.000    -0.7518    0.4193    -0.3497
160.000    -0.6748    0.3030    -0.3065
170.000    -0.4872    0.1067    -0.2352
175.000    -0.2533    0.0444    -0.1211
180.000    0.0000    0.0331    0.0000
EOT 1
