AeroDyn airfoil file.  Compatible with AeroDyn v13.0.
This file was generated automatically by HARP_Opt.
This data represents a 40.2 percent thick airfoil, and was interpolated between the airfoil data in the files NREL5MW_1000.dat and NREL5MW_0400.dat.
  1           Number of airfoil tables in this file
 1.000         Table ID parameter (Reynolds number in millions)
 8.970         Stall angle (deg)
  0           Zero lift angle of attack (deg)
  0           Cn slope for zero lift (dimensionless)
  0           Cn at stall value for positive angle of attack
  0           Cn at stall value for negative angle of attack
  0           Angle of attack for minimum CD (deg)
  0           Minimum CD value
-180.000    0.0000    0.0617    0.0000
-175.000    0.2173    0.0713    0.0931
-170.000    0.3957    0.1120    0.1691
-160.000    0.6399    0.3052    0.2804
-155.000    0.7126    0.4182    0.3197
-150.000    0.7545    0.5354    0.3504
-145.000    0.7694    0.6530    0.3739
-140.000    0.7595    0.7676    0.3913
-135.000    0.7286    0.8764    0.4035
-130.000    0.6777    0.9772    0.4112
-125.000    0.6110    1.0681    0.4152
-120.000    0.5302    1.1477    0.4162
-115.000    0.4375    1.2150    0.4144
-110.000    0.3359    1.2690    0.4103
-105.000    0.2272    1.3091    0.4043
-100.000    0.1136    1.3350    0.3966
-95.000    -0.0020    1.3464    0.3874
-90.000    -0.1196    1.3432    0.3768
-85.000    -0.2352    1.3255    0.3651
-80.000    -0.3478    1.2937    0.3522
-75.000    -0.4545    1.2482    0.3383
-70.000    -0.5551    1.1895    0.3233
-65.000    -0.6448    1.1183    0.3074
-60.000    -0.7246    1.0358    0.2904
-55.000    -0.7894    0.9431    0.2724
-50.000    -0.8392    0.8418    0.2535
-45.000    -0.8711    0.7337    0.2334
-40.000    -0.8830    0.6211    0.2122
-35.000    -0.8721    0.5067    0.1900
-30.000    -0.8362    0.3936    0.1664
-25.000    -0.7744    0.2856    0.1417
-24.000    -0.7585    0.2650    0.1366
-23.000    -0.7415    0.2449    0.1316
-22.000    -0.7226    0.2251    0.1264
-21.000    -0.7036    0.2059    0.1211
-20.000    -0.6827    0.1871    0.1158
-19.000    -0.6598    0.1698    0.1093
-18.000    -0.6329    0.1545    0.1009
-17.000    -0.6030    0.1410    0.0904
-16.000    -0.5691    0.1293    0.0781
-15.000    -0.5322    0.1196    0.0644
-14.000    -0.4924    0.1114    0.0492
-13.000    -0.4505    0.1049    0.0329
-12.000    -0.4056    0.0999    0.0155
-11.000    -0.3588    0.0964    -0.0026
-10.000    -0.3100    0.0945    -0.0212
-8.000    -0.2073    0.0944    -0.0598
-6.000    -0.1106    0.0703    -0.0498
-5.500    -0.0897    0.0629    -0.0514
-5.000    -0.0718    0.0562    -0.0530
-4.500    -0.0648    0.0495    -0.0536
-4.000    -0.0538    0.0426    -0.0542
-3.500    -0.0169    0.0365    -0.0552
-3.000    0.0030    0.0315    -0.0556
-2.500    0.0140    0.0271    -0.0553
-2.000    0.0090    0.0214    -0.0532
-1.500    0.0040    0.0180    -0.0441
-1.000    0.0359    0.0163    -0.0467
-0.500    0.0728    0.0153    -0.0520
0.000    0.1365    0.0129    -0.0571
0.500    0.2123    0.0130    -0.0642
1.000    0.2910    0.0134    -0.0716
1.500    0.3678    0.0138    -0.0780
2.000    0.4425    0.0140    -0.0832
2.500    0.5123    0.0140    -0.0863
3.000    0.5781    0.0139    -0.0884
3.500    0.6428    0.0136    -0.0897
4.000    0.7076    0.0135    -0.0911
4.500    0.7734    0.0138    -0.0930
5.000    0.8382    0.0141    -0.0944
5.500    0.9010    0.0145    -0.0954
6.000    0.9638    0.0151    -0.0964
6.500    1.0236    0.0160    -0.0970
7.000    1.0804    0.0174    -0.0969
7.500    1.1362    0.0190    -0.0969
8.000    1.1890    0.0214    -0.0965
8.500    1.2379    0.0247    -0.0955
9.000    1.2827    0.0291    -0.0945
9.500    1.3286    0.0339    -0.0939
10.000    1.3634    0.0408    -0.0923
10.500    1.3953    0.0490    -0.0905
11.000    1.4203    0.0595    -0.0887
11.500    1.4442    0.0705    -0.0874
12.000    1.4681    0.0830    -0.0867
12.500    1.4890    0.0986    -0.0867
13.000    1.5080    0.1142    -0.0873
13.500    1.5329    0.1300    -0.0883
14.500    1.5817    0.1661    -0.0914
15.000    1.6086    0.1856    -0.0936
15.500    1.6256    0.2062    -0.0963
16.000    1.6435    0.2259    -0.0993
16.500    1.6604    0.2475    -0.1028
17.000    1.6754    0.2692    -0.1065
17.500    1.6933    0.2907    -0.1106
18.000    1.7133    0.3127    -0.1153
19.000    1.7452    0.3559    -0.1238
19.500    1.7611    0.3787    -0.1287
20.500    1.7920    0.4215    -0.1379
21.000    1.8040    0.4417    -0.1411
22.000    1.8239    0.4831    -0.1474
23.000    1.8408    0.5256    -0.1537
24.000    1.8548    0.5692    -0.1598
25.000    1.8658    0.6137    -0.1658
26.000    1.8747    0.6588    -0.1718
28.000    1.8877    0.7505    -0.1835
30.000    1.8977    0.8430    -0.1947
32.000    1.9086    0.9349    -0.2056
35.000    1.9226    1.0703    -0.2213
40.000    1.8967    1.2847    -0.2460
45.000    1.8139    1.4763    -0.2692
50.000    1.6844    1.6363    -0.2911
55.000    1.5169    1.7567    -0.3117
60.000    1.3186    1.8315    -0.3310
65.000    1.1023    1.8569    -0.3490
70.000    0.8771    1.8303    -0.3660
75.000    0.6558    1.7525    -0.3817
80.000    0.4475    1.6296    -0.3964
85.000    0.2661    1.4814    -0.4098
90.000    0.1236    1.3849    -0.4220
95.000    0.0020    1.3882    -0.4329
100.000    -0.1176    1.3766    -0.4422
105.000    -0.2342    1.3500    -0.4499
110.000    -0.3468    1.3087    -0.4558
115.000    -0.4515    1.2532    -0.4595
120.000    -0.5472    1.1841    -0.4608
125.000    -0.6309    1.1021    -0.4591
130.000    -0.6997    1.0085    -0.4539
135.000    -0.7515    0.9046    -0.4447
140.000    -0.7844    0.7925    -0.4309
145.000    -0.7943    0.6744    -0.4113
150.000    -0.7794    0.5530    -0.3850
155.000    -0.7365    0.4320    -0.3509
160.000    -0.6618    0.3153    -0.3075
170.000    -0.4086    0.1157    -0.1852
175.000    -0.2252    0.0716    -0.1019
180.000    0.0000    0.0617    0.0000
EOT 1
