AeroDyn airfoil file.  Compatible with AeroDyn v13.0.
This file was generated automatically by HARP_Opt.
This data represents a 38.3 percent thick airfoil, and was interpolated between the airfoil data in the files NREL5MW_0400.dat and NREL5MW_0350.dat.
  1           Number of airfoil tables in this file
 1.000         Table ID parameter (Reynolds number in millions)
 9.850         Stall angle (deg)
  0           Zero lift angle of attack (deg)
  0           Cn slope for zero lift (dimensionless)
  0           Cn at stall value for positive angle of attack
  0           Cn at stall value for negative angle of attack
  0           Angle of attack for minimum CD (deg)
  0           Minimum CD value
-180.000    0.0000    0.0536    0.0000
-175.000    0.2197    0.0634    0.0935
-170.000    0.3997    0.1089    0.1699
-160.000    0.6474    0.3024    0.2815
-155.000    0.7211    0.4159    0.3210
-150.000    0.7641    0.5339    0.3517
-145.000    0.7798    0.6524    0.3753
-140.000    0.7705    0.7681    0.3926
-135.000    0.7398    0.8780    0.4047
-130.000    0.6895    0.9799    0.4124
-125.000    0.6225    1.0719    0.4164
-120.000    0.5415    1.1527    0.4173
-115.000    0.4485    1.2210    0.4154
-110.000    0.3465    1.2761    0.4113
-105.000    0.2372    1.3171    0.4052
-100.000    0.1225    1.3439    0.3973
-95.000    0.0058    1.3560    0.3880
-90.000    -0.1125    1.3535    0.3774
-85.000    -0.2292    1.3364    0.3655
-80.000    -0.3429    1.3050    0.3525
-75.000    -0.4509    1.2597    0.3385
-70.000    -0.5526    1.2012    0.3234
-65.000    -0.6439    1.1300    0.3074
-60.000    -0.7246    1.0473    0.2904
-55.000    -0.7906    0.9542    0.2723
-50.000    -0.8413    0.8523    0.2532
-45.000    -0.8743    0.7435    0.2331
-40.000    -0.8870    0.6300    0.2119
-35.000    -0.8767    0.5146    0.1896
-30.000    -0.8414    0.4003    0.1660
-25.000    -0.7794    0.2911    0.1413
-24.000    -0.7634    0.2702    0.1362
-23.000    -0.7464    0.2497    0.1311
-22.000    -0.7277    0.2297    0.1260
-21.000    -0.7087    0.2102    0.1207
-20.000    -0.6877    0.1912    0.1154
-19.000    -0.6651    0.1733    0.1093
-18.000    -0.6394    0.1569    0.1019
-17.000    -0.6115    0.1421    0.0930
-16.000    -0.5812    0.1287    0.0823
-15.000    -0.5493    0.1170    0.0698
-14.000    -0.5161    0.1067    0.0558
-13.000    -0.4816    0.0979    0.0404
-12.000    -0.4451    0.0904    0.0238
-11.000    -0.4073    0.0843    0.0062
-10.000    -0.3685    0.0796    -0.0120
-8.000    -0.2860    0.0751    -0.0507
-6.000    -0.2075    0.0548    -0.0572
-5.500    -0.1896    0.0488    -0.0613
-5.000    -0.1696    0.0437    -0.0623
-4.500    -0.1652    0.0383    -0.0627
-4.000    -0.1550    0.0330    -0.0631
-3.500    -0.1139    0.0285    -0.0638
-3.000    -0.0796    0.0279    -0.0580
-2.500    -0.0462    0.0232    -0.0595
-2.000    -0.0250    0.0185    -0.0595
-1.500    -0.0038    0.0155    -0.0545
-1.000    0.0414    0.0137    -0.0574
-0.500    0.0893    0.0126    -0.0619
0.000    0.1571    0.0107    -0.0661
0.316    0.2035    0.0107    -0.0697
0.631    0.2505    0.0109    -0.0734
0.946    0.2982    0.0111    -0.0772
1.260    0.3452    0.0112    -0.0806
1.572    0.3914    0.0114    -0.0837
1.883    0.4368    0.0116    -0.0864
2.192    0.4816    0.0117    -0.0885
2.498    0.5241    0.0117    -0.0902
2.803    0.5656    0.0117    -0.0916
3.104    0.6055    0.0117    -0.0927
3.402    0.6451    0.0116    -0.0936
3.696    0.6838    0.0116    -0.0946
3.987    0.7219    0.0115    -0.0955
4.274    0.7594    0.0115    -0.0966
4.556    0.7965    0.0116    -0.0977
4.834    0.8331    0.0117    -0.0986
5.106    0.8688    0.0118    -0.0994
5.374    0.9032    0.0120    -0.1000
5.635    0.9365    0.0122    -0.1007
5.891    0.9686    0.0123    -0.1013
6.141    1.0001    0.0125    -0.1017
6.385    1.0308    0.0128    -0.1021
6.622    1.0602    0.0130    -0.1023
6.852    1.0880    0.0133    -0.1024
7.076    1.1144    0.0137    -0.1025
7.292    1.1391    0.0142    -0.1027
7.500    1.1618    0.0146    -0.1028
7.701    1.1836    0.0151    -0.1028
7.894    1.2048    0.0157    -0.1028
8.079    1.2251    0.0162    -0.1026
8.255    1.2443    0.0167    -0.1023
8.423    1.2620    0.0174    -0.1020
8.582    1.2787    0.0181    -0.1016
8.733    1.2941    0.0187    -0.1012
8.875    1.3079    0.0195    -0.1008
9.007    1.3207    0.0202    -0.1004
9.130    1.3325    0.0209    -0.1002
9.244    1.3435    0.0216    -0.1000
9.348    1.3532    0.0223    -0.0998
9.443    1.3617    0.0230    -0.0997
9.528    1.3690    0.0236    -0.0995
9.603    1.3754    0.0242    -0.0993
9.668    1.3810    0.0248    -0.0991
9.724    1.3857    0.0252    -0.0989
9.769    1.3896    0.0256    -0.0987
9.804    1.3926    0.0259    -0.0986
9.830    1.3948    0.0261    -0.0986
9.845    1.3960    0.0262    -0.0985
9.850    1.3965    0.0262    -0.0985
9.868    1.3980    0.0264    -0.0984
9.922    1.4025    0.0269    -0.0983
10.012    1.4100    0.0277    -0.0980
10.139    1.4205    0.0289    -0.0975
10.301    1.4339    0.0304    -0.0969
10.498    1.4481    0.0328    -0.0961
10.731    1.4641    0.0358    -0.0952
11.000    1.4812    0.0397    -0.0942
11.303    1.4992    0.0447    -0.0931
11.641    1.5150    0.0513    -0.0919
12.013    1.5304    0.0591    -0.0907
12.419    1.5419    0.0688    -0.0900
12.858    1.5529    0.0813    -0.0894
13.331    1.5614    0.0969    -0.0891
13.836    1.5692    0.1138    -0.0890
14.373    1.5797    0.1326    -0.0891
14.942    1.5917    0.1545    -0.0902
15.541    1.6060    0.1783    -0.0922
16.171    1.6135    0.2048    -0.0957
16.830    1.6220    0.2338    -0.1007
17.519    1.6340    0.2631    -0.1069
18.235    1.6506    0.2937    -0.1143
18.979    1.6715    0.3245    -0.1212
19.750    1.6900    0.3565    -0.1286
20.547    1.7078    0.3896    -0.1353
21.369    1.7216    0.4227    -0.1406
22.215    1.7322    0.4569    -0.1461
23.084    1.7410    0.4928    -0.1517
23.976    1.7483    0.5303    -0.1573
24.890    1.7539    0.5694    -0.1630
25.824    1.7581    0.6099    -0.1687
26.779    1.7612    0.6516    -0.1744
27.751    1.7640    0.6944    -0.1802
28.742    1.7669    0.7380    -0.1859
29.749    1.7700    0.7824    -0.1917
30.772    1.7747    0.8271    -0.1973
31.809    1.7800    0.8722    -0.2029
32.860    1.7854    0.9173    -0.2084
33.924    1.7907    0.9627    -0.2140
34.999    1.7958    1.0084    -0.2195
36.084    1.7915    1.0527    -0.2249
37.178    1.7869    1.0973    -0.2303
38.281    1.7822    1.1421    -0.2357
39.390    1.7775    1.1873    -0.2412
40.505    1.7675    1.2307    -0.2466
41.625    1.7510    1.2717    -0.2518
42.748    1.7345    1.3128    -0.2570
43.873    1.7179    1.3541    -0.2622
45.000    1.7013    1.3954    -0.2674
50.000    1.5832    1.5499    -0.2893
55.000    1.4292    1.6688    -0.3098
60.000    1.2462    1.7465    -0.3292
65.000    1.0455    1.7794    -0.3473
70.000    0.8358    1.7652    -0.3643
75.000    0.6281    1.7045    -0.3801
80.000    0.4310    1.6024    -0.3948
85.000    0.2568    1.4762    -0.4083
90.000    0.1162    1.3934    -0.4206
95.000    -0.0062    1.3960    -0.4315
100.000    -0.1265    1.3835    -0.4410
105.000    -0.2438    1.3561    -0.4488
110.000    -0.3568    1.3139    -0.4547
115.000    -0.4622    1.2574    -0.4586
120.000    -0.5578    1.1873    -0.4599
125.000    -0.6418    1.1043    -0.4584
130.000    -0.7105    1.0097    -0.4533
135.000    -0.7622    0.9048    -0.4443
140.000    -0.7945    0.7917    -0.4305
145.000    -0.8041    0.6728    -0.4110
150.000    -0.7881    0.5507    -0.3849
155.000    -0.7441    0.4290    -0.3508
160.000    -0.6684    0.3119    -0.3074
170.000    -0.4124    0.1124    -0.1853
175.000    -0.2270    0.0637    -0.1019
180.000    0.0000    0.0536    0.0000
EOT 1
