AeroDyn airfoil file.  Compatible with AeroDyn v13.0.
This file was generated automatically by HARP_Opt.
This data represents a 46.3 percent thick airfoil, and was interpolated between the airfoil data in the files NREL5MW_1000.dat and NREL5MW_0400.dat.
  1           Number of airfoil tables in this file
 1.000         Table ID parameter (Reynolds number in millions)
 8.055         Stall angle (deg)
  0           Zero lift angle of attack (deg)
  0           Cn slope for zero lift (dimensionless)
  0           Cn at stall value for positive angle of attack
  0           Cn at stall value for negative angle of attack
  0           Angle of attack for minimum CD (deg)
  0           Minimum CD value
-180.000    0.0000    0.1064    0.0000
-175.000    0.1951    0.1151    0.0836
-170.000    0.3553    0.1516    0.1519
-160.000    0.5746    0.3250    0.2518
-155.000    0.6399    0.4265    0.2871
-150.000    0.6775    0.5318    0.3147
-145.000    0.6909    0.6374    0.3358
-140.000    0.6820    0.7403    0.3514
-135.000    0.6542    0.8380    0.3623
-130.000    0.6086    0.9285    0.3693
-125.000    0.5486    1.0102    0.3729
-120.000    0.4761    1.0817    0.3738
-115.000    0.3929    1.1421    0.3721
-110.000    0.3016    1.1906    0.3685
-105.000    0.2041    1.2266    0.3631
-100.000    0.1020    1.2498    0.3561
-95.000    -0.0018    1.2600    0.3479
-90.000    -0.1074    1.2572    0.3384
-85.000    -0.2112    1.2413    0.3278
-80.000    -0.3124    1.2128    0.3163
-75.000    -0.4081    1.1719    0.3038
-70.000    -0.4985    1.1192    0.2903
-65.000    -0.5791    1.0553    0.2760
-60.000    -0.6507    0.9812    0.2608
-55.000    -0.7088    0.8979    0.2446
-50.000    -0.7536    0.8069    0.2276
-45.000    -0.7822    0.7099    0.2096
-40.000    -0.7930    0.6087    0.1905
-35.000    -0.7831    0.5060    0.1706
-30.000    -0.7509    0.4044    0.1495
-25.000    -0.6954    0.3075    0.1273
-24.000    -0.6811    0.2890    0.1227
-23.000    -0.6659    0.2709    0.1181
-22.000    -0.6489    0.2532    0.1135
-21.000    -0.6319    0.2359    0.1087
-20.000    -0.6131    0.2191    0.1040
-19.000    -0.5925    0.2035    0.0982
-18.000    -0.5683    0.1897    0.0906
-17.000    -0.5415    0.1776    0.0812
-16.000    -0.5110    0.1671    0.0702
-15.000    -0.4779    0.1584    0.0578
-14.000    -0.4421    0.1510    0.0442
-13.000    -0.4045    0.1452    0.0295
-12.000    -0.3643    0.1407    0.0140
-11.000    -0.3222    0.1376    -0.0023
-10.000    -0.2783    0.1358    -0.0191
-8.000    -0.1862    0.1357    -0.0537
-6.000    -0.0993    0.1142    -0.0447
-5.500    -0.0805    0.1075    -0.0462
-5.000    -0.0644    0.1015    -0.0476
-4.500    -0.0582    0.0955    -0.0482
-4.000    -0.0483    0.0893    -0.0487
-3.500    -0.0152    0.0837    -0.0496
-3.000    0.0027    0.0793    -0.0499
-2.500    0.0125    0.0753    -0.0497
-2.000    0.0081    0.0702    -0.0478
-1.500    0.0036    0.0672    -0.0396
-1.000    0.0322    0.0657    -0.0420
-0.500    0.0653    0.0648    -0.0467
0.000    0.1226    0.0626    -0.0513
0.500    0.1906    0.0627    -0.0576
1.000    0.2613    0.0631    -0.0643
1.500    0.3303    0.0634    -0.0701
2.000    0.3974    0.0636    -0.0747
2.500    0.4600    0.0636    -0.0775
3.000    0.5191    0.0635    -0.0794
3.500    0.5773    0.0632    -0.0805
4.000    0.6354    0.0632    -0.0818
4.500    0.6945    0.0634    -0.0835
5.000    0.7527    0.0637    -0.0848
5.500    0.8091    0.0640    -0.0857
6.000    0.8655    0.0646    -0.0865
6.500    0.9192    0.0654    -0.0871
7.000    0.9702    0.0666    -0.0870
7.500    1.0203    0.0681    -0.0870
8.000    1.0677    0.0702    -0.0866
8.500    1.1116    0.0732    -0.0857
9.000    1.1519    0.0771    -0.0848
9.500    1.1930    0.0814    -0.0843
10.000    1.2244    0.0877    -0.0829
10.500    1.2530    0.0950    -0.0813
11.000    1.2754    0.1044    -0.0797
11.500    1.2969    0.1143    -0.0785
12.000    1.3183    0.1255    -0.0779
12.500    1.3371    0.1396    -0.0779
13.000    1.3541    0.1535    -0.0784
13.500    1.3765    0.1678    -0.0793
14.500    1.4204    0.2002    -0.0821
15.000    1.4445    0.2176    -0.0840
15.500    1.4597    0.2362    -0.0865
16.000    1.4759    0.2539    -0.0891
16.500    1.4911    0.2733    -0.0923
17.000    1.5045    0.2927    -0.0957
17.500    1.5206    0.3120    -0.0993
18.000    1.5385    0.3318    -0.1036
19.000    1.5671    0.3706    -0.1112
19.500    1.5815    0.3911    -0.1155
20.500    1.6092    0.4295    -0.1239
21.000    1.6199    0.4476    -0.1267
22.000    1.6378    0.4848    -0.1324
23.000    1.6531    0.5230    -0.1380
24.000    1.6656    0.5621    -0.1435
25.000    1.6754    0.6021    -0.1489
26.000    1.6835    0.6426    -0.1543
28.000    1.6951    0.7249    -0.1648
30.000    1.7041    0.8080    -0.1749
32.000    1.7139    0.8906    -0.1846
35.000    1.7265    1.0121    -0.1987
40.000    1.7032    1.2046    -0.2209
45.000    1.6289    1.3767    -0.2417
50.000    1.5125    1.5204    -0.2614
55.000    1.3622    1.6285    -0.2799
60.000    1.1841    1.6957    -0.2972
65.000    0.9899    1.7185    -0.3134
70.000    0.7876    1.6946    -0.3286
75.000    0.5889    1.6247    -0.3428
80.000    0.4019    1.5144    -0.3559
85.000    0.2390    1.3813    -0.3680
90.000    0.1110    1.2947    -0.3789
95.000    0.0018    1.2976    -0.3887
100.000    -0.1056    1.2872    -0.3971
105.000    -0.2103    1.2633    -0.4040
110.000    -0.3115    1.2262    -0.4093
115.000    -0.4054    1.1764    -0.4126
120.000    -0.4914    1.1143    -0.4138
125.000    -0.5665    1.0407    -0.4122
130.000    -0.6283    0.9566    -0.4076
135.000    -0.6748    0.8634    -0.3993
140.000    -0.7044    0.7627    -0.3869
145.000    -0.7133    0.6566    -0.3694
150.000    -0.6999    0.5476    -0.3457
155.000    -0.6614    0.4390    -0.3151
160.000    -0.5943    0.3342    -0.2761
170.000    -0.3669    0.1549    -0.1663
175.000    -0.2023    0.1153    -0.0915
180.000    0.0000    0.1064    0.0000
EOT 1
