AeroDyn airfoil file.  Compatible with AeroDyn v13.0.
This file was generated automatically by HARP_Opt.
This data represents a 29.6 percent thick airfoil, and was interpolated between the airfoil data in the files NREL5MW_0300.dat and NREL5MW_0250.dat.
  1           Number of airfoil tables in this file
 1.000         Table ID parameter (Reynolds number in millions)
 8.960         Stall angle (deg)
  0           Zero lift angle of attack (deg)
  0           Cn slope for zero lift (dimensionless)
  0           Cn at stall value for positive angle of attack
  0           Cn at stall value for negative angle of attack
  0           Angle of attack for minimum CD (deg)
  0           Minimum CD value
-180.000    0.0000    0.0262    0.0000
-175.000    0.2815    0.0366    0.1416
-170.000    0.5620    0.0966    0.2852
-160.000    0.6858    0.2874    0.2735
-155.000    0.7669    0.4023    0.3112
-150.000    0.8170    0.5231    0.3404
-145.000    0.8371    0.6453    0.3624
-140.000    0.8331    0.7656    0.3783
-135.000    0.8051    0.8808    0.3891
-130.000    0.7572    0.9884    0.3956
-125.000    0.6912    1.0865    0.3985
-120.000    0.6102    1.1735    0.3982
-115.000    0.5162    1.2480    0.3954
-110.000    0.4122    1.3091    0.3905
-105.000    0.3011    1.3560    0.3836
-100.000    0.1830    1.3884    0.3750
-95.000    0.0620    1.4058    0.3652
-90.000    -0.0601    1.4080    0.3540
-85.000    -0.1822    1.3952    0.3417
-80.000    -0.3014    1.3676    0.3284
-75.000    -0.4154    1.3252    0.3142
-70.000    -0.5226    1.2689    0.2990
-65.000    -0.6216    1.1991    0.2830
-60.000    -0.7078    1.1169    0.2661
-55.000    -0.7809    1.0233    0.2484
-50.000    -0.8381    0.9199    0.2298
-45.000    -0.8772    0.8086    0.2103
-40.000    -0.8952    0.6915    0.1900
-35.000    -0.8893    0.5713    0.1687
-30.000    -0.8583    0.4512    0.1467
-25.000    -0.8297    0.3364    0.1218
-24.000    -0.8472    0.3152    0.1152
-23.000    -0.8746    0.2948    0.1077
-22.000    -0.9088    0.2750    0.0996
-21.000    -0.9500    0.2560    0.0909
-20.000    -0.9972    0.2376    0.0816
-19.000    -1.0483    0.2200    0.0719
-18.000    -1.1033    0.2031    0.0620
-17.000    -1.1605    0.1869    0.0517
-16.000    -1.2178    0.1714    0.0412
-15.250    -1.2608    0.1603    0.0333
-14.240    -1.2069    0.1412    0.0216
-13.240    -1.1345    0.1212    0.0075
-12.220    -1.0446    0.0994    -0.0109
-11.220    -0.9607    0.0839    -0.0240
-10.190    -0.8650    0.0704    -0.0345
-9.700    -0.8207    0.0652    -0.0384
-9.180    -0.7689    0.0579    -0.0446
-8.180    -0.7477    0.0266    -0.0587
-7.190    -0.6763    0.0174    -0.0608
-6.650    -0.6023    0.0161    -0.0653
-6.130    -0.5285    0.0147    -0.0695
-6.000    -0.5114    0.0115    -0.0749
-5.500    -0.4377    0.0104    -0.0784
-5.000    -0.3690    0.0095    -0.0822
-4.500    -0.3010    0.0090    -0.0850
-4.000    -0.2376    0.0089    -0.0878
-3.500    -0.1753    0.0087    -0.0908
-3.000    -0.1065    0.0087    -0.0938
-2.500    -0.0377    0.0086    -0.0965
-2.000    0.0301    0.0086    -0.0992
-1.500    0.0980    0.0086    -0.1016
-1.000    0.1648    0.0086    -0.1040
-0.500    0.2316    0.0086    -0.1063
0.000    0.3005    0.0085    -0.1083
0.287    0.3383    0.0085    -0.1097
0.574    0.3762    0.0085    -0.1110
0.860    0.4145    0.0086    -0.1122
1.146    0.4523    0.0087    -0.1134
1.430    0.4897    0.0087    -0.1146
1.713    0.5274    0.0088    -0.1157
1.994    0.5649    0.0088    -0.1169
2.273    0.6012    0.0089    -0.1179
2.549    0.6372    0.0089    -0.1189
2.823    0.6732    0.0090    -0.1198
3.094    0.7084    0.0090    -0.1207
3.362    0.7427    0.0091    -0.1216
3.627    0.7770    0.0092    -0.1224
3.888    0.8113    0.0093    -0.1233
4.144    0.8444    0.0094    -0.1241
4.397    0.8766    0.0094    -0.1248
4.645    0.9085    0.0095    -0.1255
4.888    0.9397    0.0095    -0.1261
5.126    0.9699    0.0096    -0.1266
5.359    0.9991    0.0097    -0.1271
5.586    1.0277    0.0098    -0.1275
5.808    1.0556    0.0099    -0.1279
6.024    1.0827    0.0101    -0.1282
6.233    1.1086    0.0102    -0.1286
6.436    1.1338    0.0103    -0.1289
6.633    1.1578    0.0105    -0.1291
6.823    1.1808    0.0107    -0.1293
7.005    1.2028    0.0109    -0.1295
7.181    1.2232    0.0111    -0.1295
7.349    1.2427    0.0113    -0.1295
7.509    1.2606    0.0115    -0.1294
7.662    1.2755    0.0119    -0.1288
7.807    1.2897    0.0123    -0.1282
7.944    1.3030    0.0126    -0.1276
8.073    1.3140    0.0130    -0.1269
8.193    1.3241    0.0133    -0.1261
8.305    1.3335    0.0137    -0.1254
8.409    1.3422    0.0140    -0.1248
8.504    1.3502    0.0142    -0.1241
8.590    1.3574    0.0145    -0.1236
8.667    1.3638    0.0147    -0.1231
8.735    1.3695    0.0149    -0.1226
8.795    1.3745    0.0151    -0.1222
8.845    1.3787    0.0153    -0.1219
8.886    1.3822    0.0154    -0.1217
8.919    1.3849    0.0155    -0.1214
8.942    1.3868    0.0155    -0.1213
8.955    1.3879    0.0156    -0.1212
8.960    1.3883    0.0156    -0.1212
8.979    1.3896    0.0157    -0.1211
9.034    1.3933    0.0158    -0.1206
9.127    1.3996    0.0161    -0.1197
9.256    1.4083    0.0165    -0.1184
9.422    1.4195    0.0171    -0.1168
9.625    1.4331    0.0179    -0.1150
9.864    1.4491    0.0190    -0.1130
10.139    1.4658    0.0204    -0.1107
10.450    1.4837    0.0222    -0.1081
10.796    1.4983    0.0249    -0.1051
11.178    1.5115    0.0286    -0.1017
11.594    1.5227    0.0334    -0.0982
12.045    1.5312    0.0396    -0.0953
12.529    1.5247    0.0486    -0.0926
13.047    1.4416    0.0660    -0.0904
13.598    1.3755    0.0823    -0.0892
14.181    1.3390    0.0992    -0.0897
14.795    1.3282    0.1177    -0.0922
15.441    1.3223    0.1391    -0.0961
16.117    1.3248    0.1616    -0.1014
16.823    1.3204    0.1830    -0.1066
17.557    1.3294    0.2039    -0.1125
18.320    1.3360    0.2247    -0.1191
19.111    1.3640    0.2453    -0.1264
19.928    1.3924    0.2641    -0.1336
20.770    1.4264    0.2851    -0.1424
21.638    1.4181    0.3103    -0.1485
22.529    1.3990    0.3376    -0.1534
23.444    1.3786    0.3661    -0.1584
24.381    1.3574    0.3959    -0.1635
25.339    1.3352    0.4267    -0.1687
26.317    1.3136    0.4584    -0.1739
27.315    1.2932    0.4910    -0.1792
28.330    1.2744    0.5242    -0.1845
29.363    1.2593    0.5580    -0.1899
30.412    1.2473    0.5920    -0.1954
31.475    1.2406    0.6262    -0.2010
32.553    1.2393    0.6603    -0.2066
33.643    1.2433    0.6944    -0.2122
34.746    1.2473    0.7288    -0.2178
35.858    1.2472    0.7628    -0.2234
36.980    1.2459    0.7968    -0.2289
38.111    1.2446    0.8311    -0.2345
39.248    1.2434    0.8656    -0.2401
40.391    1.2394    0.8996    -0.2456
41.539    1.2302    0.9322    -0.2510
42.691    1.2209    0.9649    -0.2563
43.845    1.2117    0.9977    -0.2617
45.000    1.2024    1.0305    -0.2670
50.000    1.1327    1.1581    -0.2889
55.000    1.0374    1.2671    -0.3095
60.000    0.9222    1.3542    -0.3288
65.000    0.7912    1.4170    -0.3469
70.000    0.6510    1.4538    -0.3639
75.000    0.5048    1.4645    -0.3797
80.000    0.3591    1.4506    -0.3944
85.000    0.2191    1.4184    -0.4079
90.000    0.0904    1.3942    -0.4202
95.000    -0.0316    1.3945    -0.4311
100.000    -0.1516    1.3799    -0.4406
105.000    -0.2686    1.3504    -0.4484
110.000    -0.3806    1.3061    -0.4544
115.000    -0.4845    1.2478    -0.4582
120.000    -0.5794    1.1759    -0.4595
125.000    -0.6614    1.0914    -0.4580
130.000    -0.7283    0.9956    -0.4531
135.000    -0.7782    0.8899    -0.4440
140.000    -0.8081    0.7763    -0.4302
145.000    -0.8159    0.6573    -0.4108
150.000    -0.7977    0.5356    -0.3847
155.000    -0.7506    0.4149    -0.3507
160.000    -0.6735    0.2993    -0.3073
170.000    -0.5620    0.1047    -0.2860
175.000    -0.2815    0.0385    -0.1417
180.000    0.0000    0.0262    0.0000
EOT 1
