AeroDyn airfoil file.  Compatible with AeroDyn v13.0.
This file was generated automatically by HARP_Opt.
This data represents a 96.4 percent thick airfoil, and was interpolated between the airfoil data in the files NREL5MW_1000.dat and NREL5MW_0400.dat.
  1           Number of airfoil tables in this file
 1.000         Table ID parameter (Reynolds number in millions)
 0.540         Stall angle (deg)
  0           Zero lift angle of attack (deg)
  0           Cn slope for zero lift (dimensionless)
  0           Cn at stall value for positive angle of attack
  0           Cn at stall value for negative angle of attack
  0           Angle of attack for minimum CD (deg)
  0           Minimum CD value
-180.000    0.0000    0.4736    0.0000
-175.000    0.0131    0.4742    0.0056
-170.000    0.0238    0.4766    0.0102
-160.000    0.0385    0.4883    0.0169
-155.000    0.0429    0.4951    0.0192
-150.000    0.0454    0.5021    0.0211
-145.000    0.0463    0.5092    0.0225
-140.000    0.0457    0.5161    0.0236
-135.000    0.0439    0.5227    0.0243
-130.000    0.0408    0.5287    0.0248
-125.000    0.0368    0.5342    0.0250
-120.000    0.0319    0.5390    0.0251
-115.000    0.0263    0.5430    0.0249
-110.000    0.0202    0.5463    0.0247
-105.000    0.0137    0.5487    0.0243
-100.000    0.0068    0.5503    0.0239
-95.000    -0.0001    0.5510    0.0233
-90.000    -0.0072    0.5508    0.0227
-85.000    -0.0142    0.5497    0.0220
-80.000    -0.0209    0.5478    0.0212
-75.000    -0.0274    0.5450    0.0204
-70.000    -0.0334    0.5415    0.0195
-65.000    -0.0388    0.5372    0.0185
-60.000    -0.0436    0.5323    0.0175
-55.000    -0.0475    0.5267    0.0164
-50.000    -0.0505    0.5206    0.0153
-45.000    -0.0524    0.5141    0.0141
-40.000    -0.0532    0.5073    0.0128
-35.000    -0.0525    0.5004    0.0114
-30.000    -0.0503    0.4936    0.0100
-25.000    -0.0466    0.4871    0.0085
-24.000    -0.0457    0.4859    0.0082
-23.000    -0.0446    0.4846    0.0079
-22.000    -0.0435    0.4835    0.0076
-21.000    -0.0424    0.4823    0.0073
-20.000    -0.0411    0.4812    0.0070
-19.000    -0.0397    0.4801    0.0066
-18.000    -0.0381    0.4792    0.0061
-17.000    -0.0363    0.4784    0.0054
-16.000    -0.0343    0.4777    0.0047
-15.000    -0.0320    0.4771    0.0039
-14.000    -0.0296    0.4766    0.0030
-13.000    -0.0271    0.4762    0.0020
-12.000    -0.0244    0.4759    0.0009
-11.000    -0.0216    0.4757    -0.0002
-10.000    -0.0187    0.4756    -0.0013
-8.000    -0.0125    0.4756    -0.0036
-6.000    -0.0067    0.4741    -0.0030
-5.500    -0.0054    0.4737    -0.0031
-5.000    -0.0043    0.4733    -0.0032
-4.500    -0.0039    0.4729    -0.0032
-4.000    -0.0032    0.4725    -0.0033
-3.500    -0.0010    0.4721    -0.0033
-3.000    0.0002    0.4718    -0.0033
-2.500    0.0008    0.4715    -0.0033
-2.000    0.0005    0.4712    -0.0032
-1.500    0.0002    0.4710    -0.0027
-1.000    0.0022    0.4709    -0.0028
-0.500    0.0044    0.4708    -0.0031
0.000    0.0082    0.4707    -0.0034
0.500    0.0128    0.4707    -0.0039
1.000    0.0175    0.4707    -0.0043
1.500    0.0221    0.4707    -0.0047
2.000    0.0266    0.4707    -0.0050
2.500    0.0308    0.4707    -0.0052
3.000    0.0348    0.4707    -0.0053
3.500    0.0387    0.4707    -0.0054
4.000    0.0426    0.4707    -0.0055
4.500    0.0466    0.4707    -0.0056
5.000    0.0505    0.4708    -0.0057
5.500    0.0542    0.4708    -0.0057
6.000    0.0580    0.4708    -0.0058
6.500    0.0616    0.4709    -0.0058
7.000    0.0650    0.4709    -0.0058
7.500    0.0684    0.4710    -0.0058
8.000    0.0716    0.4712    -0.0058
8.500    0.0745    0.4714    -0.0057
9.000    0.0772    0.4717    -0.0057
9.500    0.0800    0.4719    -0.0057
10.000    0.0821    0.4724    -0.0056
10.500    0.0840    0.4729    -0.0054
11.000    0.0855    0.4735    -0.0053
11.500    0.0869    0.4741    -0.0053
12.000    0.0884    0.4749    -0.0052
12.500    0.0896    0.4758    -0.0052
13.000    0.0908    0.4768    -0.0053
13.500    0.0923    0.4777    -0.0053
14.500    0.0952    0.4799    -0.0055
15.000    0.0968    0.4811    -0.0056
15.500    0.0979    0.4823    -0.0058
16.000    0.0989    0.4835    -0.0060
16.500    0.1000    0.4848    -0.0062
17.000    0.1009    0.4861    -0.0064
17.500    0.1019    0.4874    -0.0067
18.000    0.1031    0.4887    -0.0069
19.000    0.1051    0.4913    -0.0075
19.500    0.1060    0.4927    -0.0077
20.500    0.1079    0.4953    -0.0083
21.000    0.1086    0.4965    -0.0085
22.000    0.1098    0.4990    -0.0089
23.000    0.1108    0.5015    -0.0093
24.000    0.1117    0.5042    -0.0096
25.000    0.1123    0.5068    -0.0100
26.000    0.1129    0.5096    -0.0103
28.000    0.1136    0.5151    -0.0110
30.000    0.1142    0.5206    -0.0117
32.000    0.1149    0.5262    -0.0124
35.000    0.1157    0.5343    -0.0133
40.000    0.1142    0.5472    -0.0148
45.000    0.1092    0.5588    -0.0162
50.000    0.1014    0.5684    -0.0175
55.000    0.0913    0.5757    -0.0188
60.000    0.0794    0.5802    -0.0199
65.000    0.0664    0.5817    -0.0210
70.000    0.0528    0.5801    -0.0220
75.000    0.0395    0.5754    -0.0230
80.000    0.0269    0.5680    -0.0239
85.000    0.0160    0.5591    -0.0247
90.000    0.0074    0.5533    -0.0254
95.000    0.0001    0.5535    -0.0261
100.000    -0.0071    0.5528    -0.0266
105.000    -0.0141    0.5512    -0.0271
110.000    -0.0209    0.5487    -0.0274
115.000    -0.0272    0.5453    -0.0277
120.000    -0.0329    0.5412    -0.0277
125.000    -0.0380    0.5362    -0.0276
130.000    -0.0421    0.5306    -0.0273
135.000    -0.0452    0.5244    -0.0268
140.000    -0.0472    0.5176    -0.0259
145.000    -0.0478    0.5105    -0.0248
150.000    -0.0469    0.5032    -0.0232
155.000    -0.0443    0.4959    -0.0211
160.000    -0.0398    0.4889    -0.0185
170.000    -0.0246    0.4769    -0.0111
175.000    -0.0136    0.4742    -0.0061
180.000    0.0000    0.4736    0.0000
EOT 1
