AeroDyn airfoil file.  Compatible with AeroDyn v13.0.
This file was generated automatically by HARP_Opt.
This data represents a 55.4 percent thick airfoil, and was interpolated between the airfoil data in the files NREL5MW_1000.dat and NREL5MW_0400.dat.
  1           Number of airfoil tables in this file
9.99e9   Reynolds number in millions.  For efficiency, make very large if only one table.
0.0      Control Setting
 6.690         Stall angle (deg)
  0           Zero lift angle of attack (deg)
  0           Cn slope for zero lift (dimensionless)
  0           Cn at stall value for positive angle of attack
  0           Cn at stall value for negative angle of attack
  0           Angle of attack for minimum CD (deg)
  0           Minimum CD value
-180.000    0.0000    0.1731    0.0000
-175.000    0.1620    0.1803    0.0694
-170.000    0.2951    0.2106    0.1261
-160.000    0.4772    0.3547    0.2091
-155.000    0.5315    0.4390    0.2385
-150.000    0.5627    0.5264    0.2614
-145.000    0.5739    0.6141    0.2789
-140.000    0.5664    0.6996    0.2918
-135.000    0.5434    0.7808    0.3009
-130.000    0.5055    0.8559    0.3067
-125.000    0.4557    0.9237    0.3097
-120.000    0.3955    0.9831    0.3104
-115.000    0.3263    1.0333    0.3091
-110.000    0.2505    1.0736    0.3060
-105.000    0.1695    1.1034    0.3016
-100.000    0.0847    1.1228    0.2958
-95.000    -0.0015    1.1312    0.2889
-90.000    -0.0892    1.1289    0.2811
-85.000    -0.1754    1.1157    0.2723
-80.000    -0.2594    1.0920    0.2627
-75.000    -0.3390    1.0580    0.2523
-70.000    -0.4140    1.0142    0.2411
-65.000    -0.4809    0.9612    0.2292
-60.000    -0.5404    0.8996    0.2166
-55.000    -0.5887    0.8305    0.2032
-50.000    -0.6259    0.7549    0.1890
-45.000    -0.6497    0.6743    0.1741
-40.000    -0.6586    0.5903    0.1583
-35.000    -0.6504    0.5050    0.1417
-30.000    -0.6237    0.4206    0.1241
-25.000    -0.5776    0.3401    0.1057
-24.000    -0.5657    0.3247    0.1019
-23.000    -0.5530    0.3097    0.0981
-22.000    -0.5389    0.2950    0.0943
-21.000    -0.5248    0.2806    0.0903
-20.000    -0.5092    0.2667    0.0864
-19.000    -0.4921    0.2537    0.0815
-18.000    -0.4720    0.2423    0.0752
-17.000    -0.4497    0.2323    0.0674
-16.000    -0.4244    0.2236    0.0583
-15.000    -0.3969    0.2163    0.0480
-14.000    -0.3672    0.2102    0.0367
-13.000    -0.3360    0.2053    0.0245
-12.000    -0.3025    0.2016    0.0116
-11.000    -0.2676    0.1990    -0.0019
-10.000    -0.2312    0.1975    -0.0158
-8.000    -0.1546    0.1975    -0.0446
-6.000    -0.0825    0.1795    -0.0372
-5.500    -0.0669    0.1740    -0.0384
-5.000    -0.0535    0.1690    -0.0395
-4.500    -0.0483    0.1640    -0.0400
-4.000    -0.0401    0.1589    -0.0404
-3.500    -0.0126    0.1543    -0.0412
-3.000    0.0022    0.1506    -0.0415
-2.500    0.0104    0.1473    -0.0413
-2.000    0.0067    0.1431    -0.0397
-1.500    0.0030    0.1405    -0.0329
-1.000    0.0268    0.1393    -0.0349
-0.500    0.0543    0.1385    -0.0388
0.000    0.1018    0.1367    -0.0426
0.500    0.1583    0.1368    -0.0479
1.000    0.2171    0.1371    -0.0534
1.500    0.2743    0.1374    -0.0582
2.000    0.3300    0.1376    -0.0621
2.500    0.3821    0.1376    -0.0644
3.000    0.4311    0.1375    -0.0659
3.500    0.4794    0.1373    -0.0669
4.000    0.5278    0.1372    -0.0679
4.500    0.5768    0.1374    -0.0694
5.000    0.6251    0.1376    -0.0704
5.500    0.6720    0.1379    -0.0711
6.000    0.7188    0.1384    -0.0719
6.500    0.7634    0.1390    -0.0723
7.000    0.8058    0.1401    -0.0723
7.500    0.8474    0.1413    -0.0723
8.000    0.8868    0.1431    -0.0720
8.500    0.9232    0.1455    -0.0712
9.000    0.9567    0.1488    -0.0705
9.500    0.9909    0.1523    -0.0700
10.000    1.0169    0.1575    -0.0688
10.500    1.0407    0.1636    -0.0675
11.000    1.0593    0.1714    -0.0662
11.500    1.0771    0.1797    -0.0652
12.000    1.0949    0.1890    -0.0647
12.500    1.1105    0.2007    -0.0647
13.000    1.1247    0.2123    -0.0651
13.500    1.1432    0.2241    -0.0659
14.500    1.1797    0.2510    -0.0682
15.000    1.1997    0.2655    -0.0698
15.500    1.2124    0.2809    -0.0718
16.000    1.2258    0.2956    -0.0740
16.500    1.2384    0.3117    -0.0766
17.000    1.2495    0.3278    -0.0795
17.500    1.2629    0.3439    -0.0825
18.000    1.2778    0.3603    -0.0860
19.000    1.3016    0.3925    -0.0923
19.500    1.3135    0.4095    -0.0960
20.500    1.3365    0.4414    -0.1029
21.000    1.3454    0.4565    -0.1053
22.000    1.3603    0.4874    -0.1099
23.000    1.3729    0.5191    -0.1146
24.000    1.3833    0.5516    -0.1192
25.000    1.3915    0.5848    -0.1237
26.000    1.3982    0.6184    -0.1282
28.000    1.4079    0.6868    -0.1368
30.000    1.4153    0.7558    -0.1452
32.000    1.4235    0.8244    -0.1533
35.000    1.4339    0.9253    -0.1650
40.000    1.4146    1.0852    -0.1835
45.000    1.3529    1.2282    -0.2008
50.000    1.2562    1.3475    -0.2171
55.000    1.1314    1.4373    -0.2324
60.000    0.9834    1.4931    -0.2469
65.000    0.8221    1.5120    -0.2603
70.000    0.6541    1.4921    -0.2730
75.000    0.4891    1.4341    -0.2847
80.000    0.3338    1.3425    -0.2956
85.000    0.1985    1.2320    -0.3057
90.000    0.0922    1.1600    -0.3147
95.000    0.0015    1.1625    -0.3228
100.000    -0.0877    1.1538    -0.3298
105.000    -0.1747    1.1339    -0.3355
110.000    -0.2587    1.1031    -0.3399
115.000    -0.3367    1.0617    -0.3427
120.000    -0.4081    1.0102    -0.3436
125.000    -0.4705    0.9490    -0.3424
130.000    -0.5218    0.8792    -0.3385
135.000    -0.5605    0.8018    -0.3317
140.000    -0.5850    0.7182    -0.3213
145.000    -0.5924    0.6301    -0.3068
150.000    -0.5813    0.5395    -0.2871
155.000    -0.5493    0.4493    -0.2617
160.000    -0.4936    0.3623    -0.2293
170.000    -0.3048    0.2134    -0.1381
175.000    -0.1680    0.1805    -0.0760
180.000    0.0000    0.1731    0.0000
EOT 1
