AeroDyn airfoil file.  Compatible with AeroDyn v13.0.
This file was generated automatically by HARP_Opt.
This data represents a 44.8 percent thick airfoil, and was interpolated between the airfoil data in the files NREL5MW_1000.dat and NREL5MW_0400.dat.
  1           Number of airfoil tables in this file
9.99e9   Reynolds number in millions.  For efficiency, make very large if only one table.
0.0      Control Setting
 8.280         Stall angle (deg)
  0           Zero lift angle of attack (deg)
  0           Cn slope for zero lift (dimensionless)
  0           Cn at stall value for positive angle of attack
  0           Cn at stall value for negative angle of attack
  0           Angle of attack for minimum CD (deg)
  0           Minimum CD value
-180.000    0.0000    0.0954    0.0000
-175.000    0.2006    0.1043    0.0859
-170.000    0.3652    0.1418    0.1561
-160.000    0.5906    0.3201    0.2588
-155.000    0.6578    0.4245    0.2951
-150.000    0.6964    0.5327    0.3235
-145.000    0.7102    0.6412    0.3452
-140.000    0.7010    0.7470    0.3612
-135.000    0.6725    0.8475    0.3724
-130.000    0.6256    0.9405    0.3796
-125.000    0.5640    1.0244    0.3833
-120.000    0.4894    1.0979    0.3842
-115.000    0.4039    1.1600    0.3825
-110.000    0.3100    1.2099    0.3788
-105.000    0.2098    1.2469    0.3732
-100.000    0.1049    1.2708    0.3661
-95.000    -0.0018    1.2813    0.3576
-90.000    -0.1104    1.2783    0.3479
-85.000    -0.2171    1.2620    0.3370
-80.000    -0.3211    1.2327    0.3251
-75.000    -0.4195    1.1906    0.3122
-70.000    -0.5124    1.1365    0.2984
-65.000    -0.5952    1.0708    0.2837
-60.000    -0.6688    0.9946    0.2681
-55.000    -0.7286    0.9090    0.2514
-50.000    -0.7746    0.8155    0.2340
-45.000    -0.8041    0.7157    0.2155
-40.000    -0.8151    0.6118    0.1959
-35.000    -0.8050    0.5062    0.1754
-30.000    -0.7719    0.4017    0.1536
-25.000    -0.7148    0.3021    0.1308
-24.000    -0.7001    0.2831    0.1261
-23.000    -0.6845    0.2645    0.1214
-22.000    -0.6670    0.2463    0.1167
-21.000    -0.6495    0.2285    0.1118
-20.000    -0.6302    0.2112    0.1069
-19.000    -0.6090    0.1952    0.1009
-18.000    -0.5842    0.1810    0.0931
-17.000    -0.5566    0.1686    0.0834
-16.000    -0.5253    0.1579    0.0721
-15.000    -0.4913    0.1488    0.0594
-14.000    -0.4545    0.1413    0.0454
-13.000    -0.4158    0.1353    0.0304
-12.000    -0.3744    0.1307    0.0144
-11.000    -0.3312    0.1275    -0.0024
-10.000    -0.2861    0.1257    -0.0196
-8.000    -0.1914    0.1256    -0.0552
-6.000    -0.1021    0.1034    -0.0460
-5.500    -0.0828    0.0965    -0.0475
-5.000    -0.0662    0.0903    -0.0489
-4.500    -0.0598    0.0842    -0.0495
-4.000    -0.0497    0.0778    -0.0500
-3.500    -0.0156    0.0721    -0.0510
-3.000    0.0028    0.0675    -0.0513
-2.500    0.0129    0.0635    -0.0511
-2.000    0.0083    0.0582    -0.0491
-1.500    0.0037    0.0551    -0.0407
-1.000    0.0331    0.0535    -0.0431
-0.500    0.0672    0.0526    -0.0480
0.000    0.1260    0.0504    -0.0527
0.500    0.1960    0.0505    -0.0592
1.000    0.2686    0.0509    -0.0661
1.500    0.3395    0.0512    -0.0720
2.000    0.4085    0.0514    -0.0768
2.500    0.4729    0.0514    -0.0797
3.000    0.5336    0.0513    -0.0816
3.500    0.5934    0.0510    -0.0828
4.000    0.6532    0.0509    -0.0841
4.500    0.7139    0.0512    -0.0858
5.000    0.7737    0.0515    -0.0871
5.500    0.8317    0.0519    -0.0880
6.000    0.8896    0.0524    -0.0890
6.500    0.9448    0.0532    -0.0895
7.000    0.9973    0.0545    -0.0894
7.500    1.0488    0.0560    -0.0894
8.000    1.0976    0.0582    -0.0891
8.500    1.1426    0.0613    -0.0881
9.000    1.1840    0.0653    -0.0872
9.500    1.2264    0.0697    -0.0867
10.000    1.2586    0.0762    -0.0852
10.500    1.2880    0.0837    -0.0835
11.000    1.3110    0.0934    -0.0819
11.500    1.3331    0.1036    -0.0807
12.000    1.3552    0.1151    -0.0800
12.500    1.3745    0.1295    -0.0800
13.000    1.3920    0.1439    -0.0806
13.500    1.4150    0.1585    -0.0815
14.500    1.4600    0.1918    -0.0844
15.000    1.4849    0.2097    -0.0864
15.500    1.5005    0.2288    -0.0889
16.000    1.5171    0.2470    -0.0916
16.500    1.5327    0.2670    -0.0949
17.000    1.5465    0.2869    -0.0983
17.500    1.5631    0.3068    -0.1021
18.000    1.5815    0.3271    -0.1064
19.000    1.6109    0.3670    -0.1143
19.500    1.6256    0.3880    -0.1188
20.500    1.6542    0.4275    -0.1273
21.000    1.6652    0.4462    -0.1303
22.000    1.6836    0.4844    -0.1361
23.000    1.6992    0.5236    -0.1419
24.000    1.7121    0.5638    -0.1475
25.000    1.7222    0.6050    -0.1531
26.000    1.7305    0.6466    -0.1586
28.000    1.7425    0.7312    -0.1694
30.000    1.7517    0.8166    -0.1798
32.000    1.7618    0.9015    -0.1898
35.000    1.7747    1.0264    -0.2042
40.000    1.7508    1.2243    -0.2271
45.000    1.6744    1.4012    -0.2485
50.000    1.5548    1.5489    -0.2687
55.000    1.4002    1.6600    -0.2877
60.000    1.2172    1.7291    -0.3055
65.000    1.0175    1.7525    -0.3222
70.000    0.8096    1.7279    -0.3378
75.000    0.6054    1.6562    -0.3524
80.000    0.4131    1.5427    -0.3659
85.000    0.2456    1.4059    -0.3783
90.000    0.1141    1.3169    -0.3895
95.000    0.0018    1.3199    -0.3996
100.000    -0.1086    1.3091    -0.4082
105.000    -0.2162    1.2846    -0.4153
110.000    -0.3202    1.2465    -0.4207
115.000    -0.4168    1.1952    -0.4241
120.000    -0.5051    1.1315    -0.4253
125.000    -0.5824    1.0558    -0.4238
130.000    -0.6458    0.9694    -0.4190
135.000    -0.6937    0.8735    -0.4105
140.000    -0.7240    0.7700    -0.3977
145.000    -0.7332    0.6610    -0.3797
150.000    -0.7194    0.5489    -0.3554
155.000    -0.6799    0.4373    -0.3239
160.000    -0.6109    0.3295    -0.2838
170.000    -0.3772    0.1452    -0.1709
175.000    -0.2079    0.1046    -0.0940
180.000    0.0000    0.0954    0.0000
EOT 1
