AeroDyn airfoil file.  Compatible with AeroDyn v13.0.
This file was generated automatically by HARP_Opt.
This data represents a 23 percent thick airfoil, and was interpolated between the airfoil data in the files NREL5MW_0250.dat and NREL5MW_0210.dat.
  1           Number of airfoil tables in this file
 1.000         Table ID parameter (Reynolds number in millions)
 8.250         Stall angle (deg)
  0           Zero lift angle of attack (deg)
  0           Cn slope for zero lift (dimensionless)
  0           Cn at stall value for positive angle of attack
  0           Cn at stall value for negative angle of attack
  0           Angle of attack for minimum CD (deg)
  0           Minimum CD value
-180.000    0.0000    0.0193    0.0000
-175.000    0.3810    0.0328    0.1911
-170.000    0.7615    0.0944    0.3832
-160.000    0.6825    0.2828    0.2709
-155.000    0.7630    0.3967    0.3082
-150.000    0.8125    0.5163    0.3371
-145.000    0.8340    0.6378    0.3588
-140.000    0.8295    0.7572    0.3746
-135.000    0.8020    0.8718    0.3852
-130.000    0.7550    0.9788    0.3917
-125.000    0.6900    1.0765    0.3945
-120.000    0.6100    1.1631    0.3943
-115.000    0.5175    1.2375    0.3916
-110.000    0.4145    1.2986    0.3866
-105.000    0.3040    1.3458    0.3797
-100.000    0.1870    1.3783    0.3712
-95.000    0.0665    1.3961    0.3614
-90.000    -0.0550    1.3987    0.3503
-85.000    -0.1760    1.3865    0.3382
-80.000    -0.2945    1.3594    0.3250
-75.000    -0.4080    1.3178    0.3108
-70.000    -0.5150    1.2621    0.2958
-65.000    -0.6125    1.1932    0.2798
-60.000    -0.6995    1.1117    0.2631
-55.000    -0.7720    1.0190    0.2455
-50.000    -0.8295    0.9165    0.2270
-45.000    -0.8680    0.8061    0.2077
-40.000    -0.8865    0.6898    0.1875
-35.000    -0.8810    0.5704    0.1666
-30.000    -0.8500    0.4511    0.1447
-25.000    -0.7970    0.3348    0.1208
-24.000    -0.7930    0.3111    0.1136
-23.000    -0.7970    0.2867    0.1045
-22.000    -0.8065    0.2618    0.0939
-21.000    -0.8220    0.2365    0.0819
-20.000    -0.8420    0.2110    0.0685
-19.000    -0.8660    0.1855    0.0541
-18.000    -0.8925    0.1600    0.0387
-17.000    -0.9215    0.1347    0.0227
-16.000    -0.9520    0.1098    0.0060
-15.000    -0.9825    0.0854    -0.0111
-14.000    -0.9948    0.0648    -0.0232
-13.000    -0.9883    0.0478    -0.0302
-12.010    -0.9530    0.0271    -0.0349
-11.000    -0.9000    0.0303    -0.0361
-9.980    -0.8270    0.0287    -0.0464
-8.980    -0.7118    0.0235    -0.0595
-8.470    -0.6409    0.0209    -0.0702
-7.450    -0.4987    0.0109    -0.0868
-6.420    -0.3567    0.0091    -0.0996
-5.400    -0.2180    0.0080    -0.1079
-5.000    -0.1665    0.0071    -0.1140
-4.500    -0.1000    0.0068    -0.1165
-4.000    -0.0340    0.0066    -0.1187
-3.500    0.0310    0.0065    -0.1209
-3.000    0.0970    0.0063    -0.1230
-2.500    0.1615    0.0063    -0.1250
-2.000    0.2255    0.0063    -0.1267
-1.500    0.2900    0.0062    -0.1285
-1.000    0.3540    0.0062    -0.1301
-0.500    0.4175    0.0062    -0.1317
0.000    0.4825    0.0061    -0.1334
0.264    0.5158    0.0061    -0.1341
0.529    0.5491    0.0061    -0.1349
0.792    0.5826    0.0062    -0.1357
1.055    0.6158    0.0062    -0.1365
1.317    0.6483    0.0062    -0.1372
1.577    0.6808    0.0063    -0.1379
1.836    0.7137    0.0063    -0.1386
2.093    0.7461    0.0064    -0.1393
2.347    0.7777    0.0064    -0.1399
2.600    0.8086    0.0065    -0.1405
2.849    0.8391    0.0066    -0.1410
3.096    0.8693    0.0067    -0.1415
3.339    0.8993    0.0068    -0.1419
3.580    0.9286    0.0069    -0.1422
3.816    0.9550    0.0070    -0.1422
4.048    0.9804    0.0072    -0.1423
4.277    1.0056    0.0074    -0.1423
4.501    1.0289    0.0077    -0.1423
4.720    1.0506    0.0080    -0.1418
4.934    1.0717    0.0083    -0.1413
5.144    1.0923    0.0088    -0.1408
5.348    1.1126    0.0092    -0.1403
5.546    1.1324    0.0097    -0.1398
5.739    1.1514    0.0101    -0.1393
5.926    1.1692    0.0106    -0.1388
6.107    1.1863    0.0111    -0.1383
6.282    1.2027    0.0115    -0.1377
6.450    1.2184    0.0120    -0.1372
6.612    1.2334    0.0123    -0.1366
6.766    1.2477    0.0127    -0.1359
6.914    1.2611    0.0130    -0.1353
7.055    1.2739    0.0133    -0.1347
7.188    1.2861    0.0136    -0.1341
7.314    1.2969    0.0138    -0.1335
7.433    1.3059    0.0140    -0.1330
7.544    1.3143    0.0142    -0.1323
7.647    1.3222    0.0144    -0.1314
7.742    1.3294    0.0146    -0.1306
7.830    1.3353    0.0148    -0.1299
7.909    1.3406    0.0149    -0.1292
7.980    1.3454    0.0151    -0.1286
8.043    1.3496    0.0152    -0.1281
8.098    1.3533    0.0153    -0.1277
8.144    1.3564    0.0154    -0.1273
8.182    1.3590    0.0155    -0.1270
8.212    1.3609    0.0155    -0.1268
8.233    1.3624    0.0156    -0.1266
8.246    1.3632    0.0156    -0.1265
8.250    1.3635    0.0156    -0.1265
8.269    1.3646    0.0156    -0.1263
8.326    1.3679    0.0158    -0.1258
8.420    1.3733    0.0161    -0.1251
8.552    1.3810    0.0164    -0.1240
8.721    1.3908    0.0169    -0.1227
8.928    1.4007    0.0179    -0.1211
9.171    1.4119    0.0192    -0.1192
9.452    1.4179    0.0212    -0.1171
9.769    1.4202    0.0238    -0.1146
10.122    1.3997    0.0280    -0.1118
10.511    1.3672    0.0329    -0.1090
10.936    1.3286    0.0385    -0.1061
11.395    1.2945    0.0450    -0.1033
11.889    1.2720    0.0523    -0.1005
12.417    1.2606    0.0609    -0.0975
12.979    1.2596    0.0708    -0.0946
13.574    1.2621    0.0825    -0.0925
14.200    1.2654    0.0947    -0.0915
14.859    1.2724    0.1080    -0.0915
15.548    1.2819    0.1214    -0.0920
16.268    1.2901    0.1359    -0.0935
17.017    1.3046    0.1514    -0.0956
17.795    1.3109    0.1665    -0.0984
18.601    1.3160    0.1831    -0.1022
19.434    1.3254    0.2011    -0.1075
20.293    1.3374    0.2199    -0.1143
21.178    1.3352    0.2426    -0.1216
22.087    1.2977    0.2682    -0.1279
23.019    1.2581    0.2948    -0.1344
23.975    1.2179    0.3225    -0.1408
24.952    1.1778    0.3511    -0.1474
25.949    1.1393    0.3804    -0.1539
26.966    1.1041    0.4102    -0.1603
28.002    1.0688    0.4406    -0.1669
29.055    1.0426    0.4709    -0.1731
30.124    1.0177    0.5016    -0.1794
31.209    1.0055    0.5318    -0.1854
32.308    0.9976    0.5621    -0.1913
33.420    1.0013    0.5917    -0.1969
34.544    1.0050    0.6217    -0.2025
35.678    1.0066    0.6516    -0.2080
36.822    1.0067    0.6816    -0.2135
37.975    1.0068    0.7118    -0.2190
39.135    1.0069    0.7422    -0.2245
40.301    1.0055    0.7724    -0.2300
41.471    0.9995    0.8019    -0.2352
42.645    0.9935    0.8314    -0.2406
43.822    0.9875    0.8610    -0.2459
45.000    0.9815    0.8906    -0.2512
50.000    0.9320    1.0080    -0.2725
55.000    0.8625    1.1140    -0.2927
60.000    0.7750    1.2065    -0.3118
65.000    0.6740    1.2836    -0.3297
70.000    0.5610    1.3442    -0.3467
75.000    0.4405    1.3875    -0.3626
80.000    0.3150    1.4133    -0.3773
85.000    0.1880    1.4232    -0.3910
90.000    0.0625    1.4249    -0.4035
95.000    -0.0615    1.4227    -0.4146
100.000    -0.1840    1.4052    -0.4245
105.000    -0.3030    1.3726    -0.4327
110.000    -0.4165    1.3253    -0.4392
115.000    -0.5215    1.2636    -0.4436
120.000    -0.6165    1.1883    -0.4455
125.000    -0.6985    1.1004    -0.4446
130.000    -0.7650    1.0014    -0.4404
135.000    -0.8140    0.8925    -0.4322
140.000    -0.8425    0.7760    -0.4193
145.000    -0.8475    0.6543    -0.4008
150.000    -0.8265    0.5305    -0.3759
155.000    -0.7765    0.4082    -0.3430
160.000    -0.6950    0.2917    -0.3010
170.000    -0.7615    0.0982    -0.3836
175.000    -0.3810    0.0345    -0.1912
180.000    0.0000    0.0193    0.0000
EOT 1
