AeroDyn airfoil file.  Compatible with AeroDyn v13.0.
This file was generated automatically by HARP_Opt.
This data represents a 90.2 percent thick airfoil, and was interpolated between the airfoil data in the files NREL5MW_1000.dat and NREL5MW_0400.dat.
  1           Number of airfoil tables in this file
 1.000         Table ID parameter (Reynolds number in millions)
 1.470         Stall angle (deg)
  0           Zero lift angle of attack (deg)
  0           Cn slope for zero lift (dimensionless)
  0           Cn at stall value for positive angle of attack
  0           Cn at stall value for negative angle of attack
  0           Angle of attack for minimum CD (deg)
  0           Minimum CD value
-180.000    0.0000    0.4282    0.0000
-175.000    0.0356    0.4298    0.0153
-170.000    0.0648    0.4364    0.0277
-160.000    0.1049    0.4681    0.0459
-155.000    0.1168    0.4866    0.0524
-150.000    0.1236    0.5058    0.0574
-145.000    0.1261    0.5251    0.0613
-140.000    0.1245    0.5439    0.0641
-135.000    0.1194    0.5617    0.0661
-130.000    0.1111    0.5782    0.0674
-125.000    0.1001    0.5931    0.0680
-120.000    0.0869    0.6062    0.0682
-115.000    0.0717    0.6172    0.0679
-110.000    0.0550    0.6260    0.0672
-105.000    0.0372    0.6326    0.0663
-100.000    0.0186    0.6368    0.0650
-95.000    -0.0003    0.6387    0.0635
-90.000    -0.0196    0.6382    0.0618
-85.000    -0.0385    0.6353    0.0598
-80.000    -0.0570    0.6301    0.0577
-75.000    -0.0745    0.6226    0.0554
-70.000    -0.0910    0.6130    0.0530
-65.000    -0.1057    0.6013    0.0504
-60.000    -0.1187    0.5878    0.0476
-55.000    -0.1294    0.5726    0.0446
-50.000    -0.1375    0.5560    0.0415
-45.000    -0.1428    0.5383    0.0383
-40.000    -0.1447    0.5198    0.0348
-35.000    -0.1429    0.5011    0.0311
-30.000    -0.1370    0.4826    0.0273
-25.000    -0.1269    0.4649    0.0232
-24.000    -0.1243    0.4615    0.0224
-23.000    -0.1215    0.4582    0.0216
-22.000    -0.1184    0.4550    0.0207
-21.000    -0.1153    0.4518    0.0198
-20.000    -0.1119    0.4487    0.0190
-19.000    -0.1081    0.4459    0.0179
-18.000    -0.1037    0.4434    0.0165
-17.000    -0.0988    0.4412    0.0148
-16.000    -0.0933    0.4393    0.0128
-15.000    -0.0872    0.4377    0.0106
-14.000    -0.0807    0.4363    0.0081
-13.000    -0.0738    0.4353    0.0054
-12.000    -0.0665    0.4344    0.0025
-11.000    -0.0588    0.4339    -0.0004
-10.000    -0.0508    0.4335    -0.0035
-8.000    -0.0340    0.4335    -0.0098
-6.000    -0.0181    0.4296    -0.0082
-5.500    -0.0147    0.4284    -0.0084
-5.000    -0.0118    0.4273    -0.0087
-4.500    -0.0106    0.4262    -0.0088
-4.000    -0.0088    0.4250    -0.0089
-3.500    -0.0028    0.4240    -0.0090
-3.000    0.0005    0.4232    -0.0091
-2.500    0.0023    0.4225    -0.0091
-2.000    0.0015    0.4216    -0.0087
-1.500    0.0007    0.4210    -0.0072
-1.000    0.0059    0.4207    -0.0077
-0.500    0.0119    0.4206    -0.0085
0.000    0.0224    0.4202    -0.0094
0.500    0.0348    0.4202    -0.0105
1.000    0.0477    0.4203    -0.0117
1.500    0.0603    0.4203    -0.0128
2.000    0.0725    0.4204    -0.0136
2.500    0.0840    0.4204    -0.0141
3.000    0.0947    0.4203    -0.0145
3.500    0.1053    0.4203    -0.0147
4.000    0.1160    0.4203    -0.0149
4.500    0.1267    0.4203    -0.0152
5.000    0.1374    0.4204    -0.0155
5.500    0.1477    0.4204    -0.0156
6.000    0.1579    0.4205    -0.0158
6.500    0.1677    0.4207    -0.0159
7.000    0.1771    0.4209    -0.0159
7.500    0.1862    0.4212    -0.0159
8.000    0.1949    0.4216    -0.0158
8.500    0.2029    0.4221    -0.0156
9.000    0.2102    0.4228    -0.0155
9.500    0.2177    0.4236    -0.0154
10.000    0.2234    0.4248    -0.0151
10.500    0.2287    0.4261    -0.0148
11.000    0.2327    0.4278    -0.0145
11.500    0.2367    0.4296    -0.0143
12.000    0.2406    0.4317    -0.0142
12.500    0.2440    0.4342    -0.0142
13.000    0.2471    0.4368    -0.0143
13.500    0.2512    0.4394    -0.0145
14.500    0.2592    0.4453    -0.0150
15.000    0.2636    0.4485    -0.0153
15.500    0.2664    0.4518    -0.0158
16.000    0.2693    0.4551    -0.0163
16.500    0.2721    0.4586    -0.0168
17.000    0.2746    0.4622    -0.0175
17.500    0.2775    0.4657    -0.0181
18.000    0.2808    0.4693    -0.0189
19.000    0.2860    0.4764    -0.0203
19.500    0.2886    0.4801    -0.0211
20.500    0.2937    0.4871    -0.0226
21.000    0.2956    0.4904    -0.0231
22.000    0.2989    0.4972    -0.0242
23.000    0.3017    0.5042    -0.0252
24.000    0.3040    0.5113    -0.0262
25.000    0.3058    0.5186    -0.0272
26.000    0.3072    0.5260    -0.0282
28.000    0.3094    0.5410    -0.0301
30.000    0.3110    0.5562    -0.0319
32.000    0.3128    0.5713    -0.0337
35.000    0.3151    0.5935    -0.0363
40.000    0.3108    0.6286    -0.0403
45.000    0.2973    0.6600    -0.0441
50.000    0.2760    0.6862    -0.0477
55.000    0.2486    0.7059    -0.0511
60.000    0.2161    0.7182    -0.0542
65.000    0.1806    0.7224    -0.0572
70.000    0.1437    0.7180    -0.0600
75.000    0.1075    0.7053    -0.0626
80.000    0.0733    0.6851    -0.0650
85.000    0.0436    0.6608    -0.0672
90.000    0.0203    0.6450    -0.0692
95.000    0.0003    0.6456    -0.0709
100.000    -0.0193    0.6437    -0.0725
105.000    -0.0384    0.6393    -0.0737
110.000    -0.0568    0.6325    -0.0747
115.000    -0.0740    0.6234    -0.0753
120.000    -0.0897    0.6121    -0.0755
125.000    -0.1034    0.5987    -0.0752
130.000    -0.1147    0.5833    -0.0744
135.000    -0.1232    0.5663    -0.0729
140.000    -0.1285    0.5479    -0.0706
145.000    -0.1302    0.5286    -0.0674
150.000    -0.1277    0.5087    -0.0631
155.000    -0.1207    0.4889    -0.0575
160.000    -0.1085    0.4697    -0.0504
170.000    -0.0670    0.4370    -0.0303
175.000    -0.0369    0.4298    -0.0167
180.000    0.0000    0.4282    0.0000
EOT 1
