AeroDyn airfoil file.  Compatible with AeroDyn v13.0.
This file was generated automatically by HARP_Opt.
This data represents a 76.1 percent thick airfoil, and was interpolated between the airfoil data in the files NREL5MW_1000.dat and NREL5MW_0400.dat.
  1           Number of airfoil tables in this file
 1.000         Table ID parameter (Reynolds number in millions)
 3.585         Stall angle (deg)
  0           Zero lift angle of attack (deg)
  0           Cn slope for zero lift (dimensionless)
  0           Cn at stall value for positive angle of attack
  0           Cn at stall value for negative angle of attack
  0           Angle of attack for minimum CD (deg)
  0           Minimum CD value
-180.000    0.0000    0.3248    0.0000
-175.000    0.0868    0.3287    0.0372
-170.000    0.1581    0.3449    0.0676
-160.000    0.2557    0.4221    0.1121
-155.000    0.2848    0.4673    0.1278
-150.000    0.3015    0.5141    0.1401
-145.000    0.3075    0.5611    0.1495
-140.000    0.3035    0.6070    0.1564
-135.000    0.2912    0.6505    0.1612
-130.000    0.2709    0.6907    0.1644
-125.000    0.2442    0.7270    0.1659
-120.000    0.2119    0.7589    0.1663
-115.000    0.1749    0.7858    0.1656
-110.000    0.1342    0.8074    0.1640
-105.000    0.0908    0.8234    0.1616
-100.000    0.0454    0.8337    0.1585
-95.000    -0.0008    0.8383    0.1548
-90.000    -0.0478    0.8370    0.1506
-85.000    -0.0940    0.8299    0.1459
-80.000    -0.1390    0.8172    0.1408
-75.000    -0.1816    0.7990    0.1352
-70.000    -0.2219    0.7756    0.1292
-65.000    -0.2577    0.7471    0.1228
-60.000    -0.2896    0.7141    0.1161
-55.000    -0.3155    0.6771    0.1089
-50.000    -0.3354    0.6366    0.1013
-45.000    -0.3481    0.5934    0.0933
-40.000    -0.3529    0.5484    0.0848
-35.000    -0.3485    0.5027    0.0759
-30.000    -0.3342    0.4575    0.0665
-25.000    -0.3095    0.4143    0.0566
-24.000    -0.3031    0.4061    0.0546
-23.000    -0.2964    0.3980    0.0526
-22.000    -0.2888    0.3901    0.0505
-21.000    -0.2812    0.3825    0.0484
-20.000    -0.2729    0.3750    0.0463
-19.000    -0.2637    0.3680    0.0437
-18.000    -0.2529    0.3619    0.0403
-17.000    -0.2410    0.3565    0.0361
-16.000    -0.2274    0.3519    0.0312
-15.000    -0.2127    0.3480    0.0257
-14.000    -0.1968    0.3447    0.0197
-13.000    -0.1800    0.3421    0.0131
-12.000    -0.1621    0.3401    0.0062
-11.000    -0.1434    0.3387    -0.0010
-10.000    -0.1239    0.3379    -0.0085
-8.000    -0.0829    0.3379    -0.0239
-6.000    -0.0442    0.3283    -0.0199
-5.500    -0.0358    0.3253    -0.0206
-5.000    -0.0287    0.3226    -0.0212
-4.500    -0.0259    0.3200    -0.0214
-4.000    -0.0215    0.3172    -0.0217
-3.500    -0.0068    0.3147    -0.0221
-3.000    0.0012    0.3127    -0.0222
-2.500    0.0056    0.3110    -0.0221
-2.000    0.0036    0.3087    -0.0213
-1.500    0.0016    0.3074    -0.0176
-1.000    0.0143    0.3067    -0.0187
-0.500    0.0291    0.3063    -0.0208
0.000    0.0546    0.3053    -0.0228
0.500    0.0848    0.3054    -0.0257
1.000    0.1163    0.3055    -0.0286
1.500    0.1470    0.3057    -0.0312
2.000    0.1769    0.3058    -0.0333
2.500    0.2047    0.3058    -0.0345
3.000    0.2310    0.3057    -0.0353
3.500    0.2569    0.3056    -0.0358
4.000    0.2828    0.3056    -0.0364
4.500    0.3091    0.3057    -0.0372
5.000    0.3350    0.3058    -0.0377
5.500    0.3601    0.3060    -0.0381
6.000    0.3852    0.3062    -0.0385
6.500    0.4091    0.3066    -0.0388
7.000    0.4318    0.3071    -0.0387
7.500    0.4541    0.3078    -0.0387
8.000    0.4752    0.3087    -0.0386
8.500    0.4947    0.3100    -0.0382
9.000    0.5127    0.3118    -0.0378
9.500    0.5310    0.3137    -0.0375
10.000    0.5449    0.3165    -0.0369
10.500    0.5577    0.3198    -0.0362
11.000    0.5676    0.3239    -0.0355
11.500    0.5772    0.3284    -0.0349
12.000    0.5867    0.3333    -0.0347
12.500    0.5951    0.3396    -0.0347
13.000    0.6027    0.3458    -0.0349
13.500    0.6126    0.3521    -0.0353
14.500    0.6322    0.3666    -0.0365
15.000    0.6429    0.3743    -0.0374
15.500    0.6497    0.3826    -0.0385
16.000    0.6569    0.3905    -0.0397
16.500    0.6636    0.3991    -0.0411
17.000    0.6696    0.4077    -0.0426
17.500    0.6768    0.4164    -0.0442
18.000    0.6847    0.4252    -0.0461
19.000    0.6975    0.4424    -0.0495
19.500    0.7039    0.4515    -0.0514
20.500    0.7162    0.4686    -0.0551
21.000    0.7210    0.4767    -0.0564
22.000    0.7289    0.4932    -0.0589
23.000    0.7357    0.5102    -0.0614
24.000    0.7413    0.5276    -0.0639
25.000    0.7457    0.5454    -0.0663
26.000    0.7493    0.5635    -0.0687
28.000    0.7544    0.6001    -0.0733
30.000    0.7584    0.6371    -0.0778
32.000    0.7628    0.6738    -0.0822
35.000    0.7684    0.7279    -0.0884
40.000    0.7580    0.8136    -0.0983
45.000    0.7250    0.8902    -0.1076
50.000    0.6732    0.9541    -0.1164
55.000    0.6063    1.0023    -0.1246
60.000    0.5270    1.0322    -0.1323
65.000    0.4406    1.0423    -0.1395
70.000    0.3505    1.0317    -0.1463
75.000    0.2621    1.0006    -0.1526
80.000    0.1789    0.9515    -0.1584
85.000    0.1064    0.8922    -0.1638
90.000    0.0494    0.8537    -0.1687
95.000    0.0008    0.8550    -0.1730
100.000    -0.0470    0.8503    -0.1767
105.000    -0.0936    0.8397    -0.1798
110.000    -0.1386    0.8232    -0.1822
115.000    -0.1804    0.8010    -0.1836
120.000    -0.2187    0.7734    -0.1841
125.000    -0.2521    0.7406    -0.1835
130.000    -0.2796    0.7032    -0.1814
135.000    -0.3003    0.6617    -0.1777
140.000    -0.3135    0.6169    -0.1722
145.000    -0.3175    0.5697    -0.1644
150.000    -0.3115    0.5212    -0.1539
155.000    -0.2944    0.4728    -0.1403
160.000    -0.2645    0.4262    -0.1229
170.000    -0.1633    0.3464    -0.0740
175.000    -0.0900    0.3288    -0.0407
180.000    0.0000    0.3248    0.0000
EOT 1
