AeroDyn airfoil file.  Compatible with AeroDyn v13.0.
This file was generated automatically by HARP_Opt.
This data represents a 95.5 percent thick airfoil, and was interpolated between the airfoil data in the files NREL5MW_1000.dat and NREL5MW_0400.dat.
  1           Number of airfoil tables in this file
9.99e9   Reynolds number in millions.  For efficiency, make very large if only one table.
0.0      Control Setting
 0.675         Stall angle (deg)
  0           Zero lift angle of attack (deg)
  0           Cn slope for zero lift (dimensionless)
  0           Cn at stall value for positive angle of attack
  0           Cn at stall value for negative angle of attack
  0           Angle of attack for minimum CD (deg)
  0           Minimum CD value
-180.000    0.0000    0.4670    0.0000
-175.000    0.0164    0.4677    0.0070
-170.000    0.0298    0.4708    0.0127
-160.000    0.0481    0.4853    0.0211
-155.000    0.0536    0.4938    0.0241
-150.000    0.0568    0.5027    0.0264
-145.000    0.0579    0.5115    0.0281
-140.000    0.0571    0.5201    0.0294
-135.000    0.0548    0.5283    0.0304
-130.000    0.0510    0.5359    0.0309
-125.000    0.0460    0.5428    0.0312
-120.000    0.0399    0.5487    0.0313
-115.000    0.0329    0.5538    0.0312
-110.000    0.0253    0.5579    0.0309
-105.000    0.0171    0.5609    0.0304
-100.000    0.0086    0.5628    0.0298
-95.000    -0.0001    0.5637    0.0292
-90.000    -0.0090    0.5635    0.0284
-85.000    -0.0177    0.5621    0.0275
-80.000    -0.0262    0.5597    0.0265
-75.000    -0.0342    0.5563    0.0255
-70.000    -0.0418    0.5519    0.0243
-65.000    -0.0485    0.5465    0.0231
-60.000    -0.0545    0.5403    0.0219
-55.000    -0.0594    0.5333    0.0205
-50.000    -0.0631    0.5257    0.0191
-45.000    -0.0655    0.5176    0.0176
-40.000    -0.0664    0.5091    0.0160
-35.000    -0.0656    0.5005    0.0143
-30.000    -0.0629    0.4920    0.0125
-25.000    -0.0583    0.4839    0.0107
-24.000    -0.0571    0.4823    0.0103
-23.000    -0.0558    0.4808    0.0099
-22.000    -0.0544    0.4793    0.0095
-21.000    -0.0529    0.4779    0.0091
-20.000    -0.0514    0.4765    0.0087
-19.000    -0.0497    0.4752    0.0082
-18.000    -0.0476    0.4740    0.0076
-17.000    -0.0454    0.4730    0.0068
-16.000    -0.0428    0.4721    0.0059
-15.000    -0.0401    0.4714    0.0048
-14.000    -0.0371    0.4708    0.0037
-13.000    -0.0339    0.4703    0.0025
-12.000    -0.0305    0.4699    0.0012
-11.000    -0.0270    0.4696    -0.0002
-10.000    -0.0233    0.4695    -0.0016
-8.000    -0.0156    0.4695    -0.0045
-6.000    -0.0083    0.4677    -0.0037
-5.500    -0.0067    0.4671    -0.0039
-5.000    -0.0054    0.4666    -0.0040
-4.500    -0.0049    0.4661    -0.0040
-4.000    -0.0040    0.4656    -0.0041
-3.500    -0.0013    0.4651    -0.0042
-3.000    0.0002    0.4647    -0.0042
-2.500    0.0010    0.4644    -0.0042
-2.000    0.0007    0.4640    -0.0040
-1.500    0.0003    0.4637    -0.0033
-1.000    0.0027    0.4636    -0.0035
-0.500    0.0055    0.4635    -0.0039
0.000    0.0103    0.4633    -0.0043
0.500    0.0160    0.4634    -0.0048
1.000    0.0219    0.4634    -0.0054
1.500    0.0277    0.4634    -0.0059
2.000    0.0333    0.4634    -0.0063
2.500    0.0386    0.4634    -0.0065
3.000    0.0435    0.4634    -0.0067
3.500    0.0484    0.4634    -0.0067
4.000    0.0532    0.4634    -0.0069
4.500    0.0582    0.4634    -0.0070
5.000    0.0631    0.4634    -0.0071
5.500    0.0678    0.4635    -0.0072
6.000    0.0725    0.4635    -0.0073
6.500    0.0770    0.4636    -0.0073
7.000    0.0813    0.4637    -0.0073
7.500    0.0855    0.4638    -0.0073
8.000    0.0895    0.4640    -0.0073
8.500    0.0931    0.4642    -0.0072
9.000    0.0965    0.4646    -0.0071
9.500    0.1000    0.4649    -0.0071
10.000    0.1026    0.4654    -0.0069
10.500    0.1050    0.4661    -0.0068
11.000    0.1069    0.4669    -0.0067
11.500    0.1087    0.4677    -0.0066
12.000    0.1105    0.4686    -0.0065
12.500    0.1121    0.4698    -0.0065
13.000    0.1135    0.4710    -0.0066
13.500    0.1153    0.4722    -0.0066
14.500    0.1190    0.4749    -0.0069
15.000    0.1211    0.4763    -0.0070
15.500    0.1223    0.4779    -0.0072
16.000    0.1237    0.4794    -0.0075
16.500    0.1249    0.4810    -0.0077
17.000    0.1261    0.4826    -0.0080
17.500    0.1274    0.4843    -0.0083
18.000    0.1289    0.4859    -0.0087
19.000    0.1313    0.4892    -0.0093
19.500    0.1325    0.4909    -0.0097
20.500    0.1349    0.4941    -0.0104
21.000    0.1358    0.4956    -0.0106
22.000    0.1373    0.4987    -0.0111
23.000    0.1385    0.5019    -0.0116
24.000    0.1396    0.5052    -0.0120
25.000    0.1404    0.5086    -0.0125
26.000    0.1411    0.5119    -0.0129
28.000    0.1420    0.5188    -0.0138
30.000    0.1428    0.5258    -0.0147
32.000    0.1436    0.5327    -0.0155
35.000    0.1447    0.5429    -0.0166
40.000    0.1427    0.5590    -0.0185
45.000    0.1365    0.5735    -0.0203
50.000    0.1268    0.5855    -0.0219
55.000    0.1142    0.5946    -0.0235
60.000    0.0992    0.6002    -0.0249
65.000    0.0830    0.6021    -0.0263
70.000    0.0660    0.6001    -0.0275
75.000    0.0493    0.5943    -0.0287
80.000    0.0337    0.5850    -0.0298
85.000    0.0200    0.5739    -0.0308
90.000    0.0093    0.5666    -0.0318
95.000    0.0001    0.5668    -0.0326
100.000    -0.0088    0.5660    -0.0333
105.000    -0.0176    0.5640    -0.0339
110.000    -0.0261    0.5609    -0.0343
115.000    -0.0340    0.5567    -0.0346
120.000    -0.0412    0.5515    -0.0347
125.000    -0.0475    0.5453    -0.0345
130.000    -0.0526    0.5383    -0.0342
135.000    -0.0565    0.5304    -0.0335
140.000    -0.0590    0.5220    -0.0324
145.000    -0.0598    0.5131    -0.0310
150.000    -0.0587    0.5040    -0.0290
155.000    -0.0554    0.4949    -0.0264
160.000    -0.0498    0.4861    -0.0231
170.000    -0.0307    0.4711    -0.0139
175.000    -0.0170    0.4678    -0.0077
180.000    0.0000    0.4670    0.0000
EOT 1
