AeroDyn airfoil file.  Compatible with AeroDyn v13.0.
This file was generated automatically by HARP_Opt.
This data represents a 84.3 percent thick airfoil, and was interpolated between the airfoil data in the files NREL5MW_1000.dat and NREL5MW_0400.dat.
  1           Number of airfoil tables in this file
 1.000         Table ID parameter (Reynolds number in millions)
 2.355         Stall angle (deg)
  0           Zero lift angle of attack (deg)
  0           Cn slope for zero lift (dimensionless)
  0           Cn at stall value for positive angle of attack
  0           Cn at stall value for negative angle of attack
  0           Angle of attack for minimum CD (deg)
  0           Minimum CD value
-180.000    0.0000    0.3849    0.0000
-175.000    0.0570    0.3875    0.0244
-170.000    0.1039    0.3981    0.0444
-160.000    0.1680    0.4488    0.0736
-155.000    0.1871    0.4785    0.0839
-150.000    0.1981    0.5093    0.0920
-145.000    0.2020    0.5402    0.0982
-140.000    0.1994    0.5703    0.1027
-135.000    0.1913    0.5988    0.1059
-130.000    0.1779    0.6253    0.1080
-125.000    0.1604    0.6491    0.1090
-120.000    0.1392    0.6701    0.1093
-115.000    0.1149    0.6877    0.1088
-110.000    0.0882    0.7019    0.1077
-105.000    0.0597    0.7124    0.1062
-100.000    0.0298    0.7192    0.1041
-95.000    -0.0005    0.7222    0.1017
-90.000    -0.0314    0.7214    0.0989
-85.000    -0.0618    0.7167    0.0958
-80.000    -0.0913    0.7084    0.0925
-75.000    -0.1193    0.6964    0.0888
-70.000    -0.1457    0.6810    0.0849
-65.000    -0.1693    0.6623    0.0807
-60.000    -0.1902    0.6407    0.0762
-55.000    -0.2072    0.6163    0.0715
-50.000    -0.2203    0.5897    0.0665
-45.000    -0.2287    0.5614    0.0613
-40.000    -0.2318    0.5318    0.0557
-35.000    -0.2290    0.5018    0.0499
-30.000    -0.2195    0.4721    0.0437
-25.000    -0.2033    0.4437    0.0372
-24.000    -0.1991    0.4383    0.0359
-23.000    -0.1947    0.4330    0.0345
-22.000    -0.1897    0.4278    0.0332
-21.000    -0.1847    0.4228    0.0318
-20.000    -0.1792    0.4179    0.0304
-19.000    -0.1732    0.4133    0.0287
-18.000    -0.1662    0.4093    0.0265
-17.000    -0.1583    0.4057    0.0237
-16.000    -0.1494    0.4027    0.0205
-15.000    -0.1397    0.4001    0.0169
-14.000    -0.1293    0.3980    0.0129
-13.000    -0.1183    0.3963    0.0086
-12.000    -0.1065    0.3950    0.0041
-11.000    -0.0942    0.3941    -0.0007
-10.000    -0.0814    0.3935    -0.0056
-8.000    -0.0544    0.3935    -0.0157
-6.000    -0.0290    0.3872    -0.0131
-5.500    -0.0235    0.3852    -0.0135
-5.000    -0.0188    0.3835    -0.0139
-4.500    -0.0170    0.3817    -0.0141
-4.000    -0.0141    0.3799    -0.0142
-3.500    -0.0044    0.3783    -0.0145
-3.000    0.0008    0.3770    -0.0146
-2.500    0.0037    0.3758    -0.0145
-2.000    0.0024    0.3743    -0.0140
-1.500    0.0010    0.3735    -0.0116
-1.000    0.0094    0.3730    -0.0123
-0.500    0.0191    0.3728    -0.0137
0.000    0.0358    0.3721    -0.0150
0.500    0.0557    0.3721    -0.0169
1.000    0.0764    0.3723    -0.0188
1.500    0.0966    0.3724    -0.0205
2.000    0.1162    0.3724    -0.0218
2.500    0.1345    0.3724    -0.0227
3.000    0.1518    0.3724    -0.0232
3.500    0.1688    0.3723    -0.0235
4.000    0.1858    0.3723    -0.0239
4.500    0.2031    0.3724    -0.0244
5.000    0.2201    0.3724    -0.0248
5.500    0.2365    0.3725    -0.0250
6.000    0.2530    0.3727    -0.0253
6.500    0.2687    0.3729    -0.0255
7.000    0.2836    0.3733    -0.0254
7.500    0.2983    0.3737    -0.0254
8.000    0.3122    0.3743    -0.0253
8.500    0.3250    0.3752    -0.0251
9.000    0.3368    0.3764    -0.0248
9.500    0.3488    0.3776    -0.0246
10.000    0.3580    0.3795    -0.0242
10.500    0.3663    0.3816    -0.0238
11.000    0.3729    0.3843    -0.0233
11.500    0.3792    0.3872    -0.0229
12.000    0.3854    0.3905    -0.0228
12.500    0.3909    0.3946    -0.0228
13.000    0.3959    0.3987    -0.0229
13.500    0.4024    0.4029    -0.0232
14.500    0.4153    0.4123    -0.0240
15.000    0.4223    0.4174    -0.0246
15.500    0.4268    0.4229    -0.0253
16.000    0.4315    0.4280    -0.0261
16.500    0.4359    0.4337    -0.0270
17.000    0.4399    0.4394    -0.0280
17.500    0.4446    0.4451    -0.0290
18.000    0.4498    0.4508    -0.0303
19.000    0.4582    0.4622    -0.0325
19.500    0.4624    0.4682    -0.0338
20.500    0.4705    0.4794    -0.0362
21.000    0.4736    0.4847    -0.0371
22.000    0.4788    0.4956    -0.0387
23.000    0.4833    0.5067    -0.0403
24.000    0.4870    0.5182    -0.0419
25.000    0.4898    0.5299    -0.0435
26.000    0.4922    0.5417    -0.0451
28.000    0.4956    0.5658    -0.0482
30.000    0.4982    0.5900    -0.0511
32.000    0.5011    0.6142    -0.0540
35.000    0.5048    0.6497    -0.0581
40.000    0.4980    0.7060    -0.0646
45.000    0.4762    0.7563    -0.0707
50.000    0.4422    0.7983    -0.0764
55.000    0.3983    0.8299    -0.0818
60.000    0.3462    0.8496    -0.0869
65.000    0.2894    0.8562    -0.0916
70.000    0.2303    0.8492    -0.0961
75.000    0.1722    0.8288    -0.1002
80.000    0.1175    0.7966    -0.1041
85.000    0.0699    0.7577    -0.1076
90.000    0.0324    0.7323    -0.1108
95.000    0.0005    0.7332    -0.1136
100.000    -0.0309    0.7301    -0.1161
105.000    -0.0615    0.7231    -0.1181
110.000    -0.0911    0.7123    -0.1197
115.000    -0.1185    0.6977    -0.1206
120.000    -0.1437    0.6796    -0.1210
125.000    -0.1656    0.6581    -0.1205
130.000    -0.1837    0.6335    -0.1192
135.000    -0.1973    0.6062    -0.1168
140.000    -0.2059    0.5768    -0.1131
145.000    -0.2085    0.5458    -0.1080
150.000    -0.2046    0.5139    -0.1011
155.000    -0.1934    0.4822    -0.0921
160.000    -0.1737    0.4515    -0.0807
170.000    -0.1073    0.3991    -0.0486
175.000    -0.0591    0.3875    -0.0267
180.000    0.0000    0.3849    0.0000
EOT 1
