AeroDyn airfoil file.  Compatible with AeroDyn v13.0.
This file was generated automatically by HARP_Opt.
This data represents a 47.6 percent thick airfoil, and was interpolated between the airfoil data in the files NREL5MW_1000.dat and NREL5MW_0400.dat.
  1           Number of airfoil tables in this file
 1.000         Table ID parameter (Reynolds number in millions)
 7.860         Stall angle (deg)
  0           Zero lift angle of attack (deg)
  0           Cn slope for zero lift (dimensionless)
  0           Cn at stall value for positive angle of attack
  0           Cn at stall value for negative angle of attack
  0           Angle of attack for minimum CD (deg)
  0           Minimum CD value
-180.000    0.0000    0.1159    0.0000
-175.000    0.1904    0.1244    0.0816
-170.000    0.3467    0.1600    0.1482
-160.000    0.5607    0.3293    0.2457
-155.000    0.6244    0.4283    0.2802
-150.000    0.6611    0.5310    0.3071
-145.000    0.6742    0.6341    0.3277
-140.000    0.6655    0.7345    0.3429
-135.000    0.6384    0.8299    0.3535
-130.000    0.5939    0.9182    0.3603
-125.000    0.5354    0.9978    0.3638
-120.000    0.4646    1.0676    0.3647
-115.000    0.3834    1.1265    0.3631
-110.000    0.2943    1.1739    0.3596
-105.000    0.1991    1.2090    0.3543
-100.000    0.0996    1.2317    0.3475
-95.000    -0.0017    1.2416    0.3395
-90.000    -0.1048    1.2388    0.3302
-85.000    -0.2061    1.2234    0.3199
-80.000    -0.3048    1.1955    0.3086
-75.000    -0.3982    1.1556    0.2964
-70.000    -0.4864    1.1042    0.2833
-65.000    -0.5650    1.0418    0.2693
-60.000    -0.6349    0.9695    0.2545
-55.000    -0.6917    0.8883    0.2387
-50.000    -0.7353    0.7995    0.2221
-45.000    -0.7633    0.7048    0.2045
-40.000    -0.7738    0.6061    0.1859
-35.000    -0.7642    0.5059    0.1665
-30.000    -0.7327    0.4067    0.1458
-25.000    -0.6786    0.3121    0.1242
-24.000    -0.6646    0.2941    0.1197
-23.000    -0.6498    0.2764    0.1153
-22.000    -0.6332    0.2591    0.1107
-21.000    -0.6166    0.2423    0.1061
-20.000    -0.5982    0.2259    0.1015
-19.000    -0.5781    0.2107    0.0958
-18.000    -0.5546    0.1972    0.0884
-17.000    -0.5284    0.1854    0.0792
-16.000    -0.4987    0.1752    0.0685
-15.000    -0.4664    0.1666    0.0564
-14.000    -0.4314    0.1595    0.0431
-13.000    -0.3947    0.1538    0.0288
-12.000    -0.3554    0.1494    0.0136
-11.000    -0.3144    0.1464    -0.0023
-10.000    -0.2716    0.1446    -0.0186
-8.000    -0.1817    0.1446    -0.0524
-6.000    -0.0969    0.1235    -0.0437
-5.500    -0.0786    0.1170    -0.0451
-5.000    -0.0629    0.1111    -0.0465
-4.500    -0.0568    0.1053    -0.0470
-4.000    -0.0472    0.0992    -0.0475
-3.500    -0.0148    0.0938    -0.0484
-3.000    0.0026    0.0894    -0.0487
-2.500    0.0122    0.0856    -0.0485
-2.000    0.0079    0.0806    -0.0466
-1.500    0.0035    0.0777    -0.0386
-1.000    0.0314    0.0762    -0.0410
-0.500    0.0638    0.0753    -0.0456
0.000    0.1196    0.0732    -0.0500
0.500    0.1860    0.0733    -0.0562
1.000    0.2550    0.0736    -0.0627
1.500    0.3223    0.0740    -0.0684
2.000    0.3878    0.0742    -0.0729
2.500    0.4489    0.0742    -0.0756
3.000    0.5065    0.0741    -0.0775
3.500    0.5633    0.0738    -0.0786
4.000    0.6201    0.0737    -0.0798
4.500    0.6777    0.0740    -0.0815
5.000    0.7345    0.0743    -0.0827
5.500    0.7895    0.0746    -0.0836
6.000    0.8445    0.0751    -0.0845
6.500    0.8969    0.0759    -0.0850
7.000    0.9467    0.0771    -0.0849
7.500    0.9956    0.0785    -0.0849
8.000    1.0419    0.0806    -0.0845
8.500    1.0847    0.0835    -0.0837
9.000    1.1240    0.0874    -0.0828
9.500    1.1642    0.0915    -0.0823
10.000    1.1947    0.0977    -0.0809
10.500    1.2227    0.1048    -0.0793
11.000    1.2445    0.1140    -0.0777
11.500    1.2655    0.1237    -0.0766
12.000    1.2864    0.1346    -0.0760
12.500    1.3048    0.1483    -0.0760
13.000    1.3214    0.1619    -0.0765
13.500    1.3432    0.1758    -0.0774
14.500    1.3860    0.2074    -0.0801
15.000    1.4096    0.2245    -0.0820
15.500    1.4244    0.2425    -0.0844
16.000    1.4401    0.2598    -0.0870
16.500    1.4550    0.2788    -0.0900
17.000    1.4681    0.2977    -0.0934
17.500    1.4838    0.3166    -0.0969
18.000    1.5013    0.3359    -0.1010
19.000    1.5292    0.3737    -0.1085
19.500    1.5432    0.3937    -0.1127
20.500    1.5703    0.4312    -0.1209
21.000    1.5807    0.4489    -0.1237
22.000    1.5982    0.4852    -0.1292
23.000    1.6130    0.5224    -0.1347
24.000    1.6253    0.5606    -0.1400
25.000    1.6349    0.5996    -0.1453
26.000    1.6427    0.6391    -0.1506
28.000    1.6541    0.7195    -0.1608
30.000    1.6628    0.8005    -0.1706
32.000    1.6724    0.8811    -0.1802
35.000    1.6847    0.9997    -0.1939
40.000    1.6620    1.1876    -0.2155
45.000    1.5895    1.3555    -0.2359
50.000    1.4759    1.4957    -0.2551
55.000    1.3292    1.6012    -0.2731
60.000    1.1554    1.6668    -0.2900
65.000    0.9659    1.6890    -0.3058
70.000    0.7685    1.6656    -0.3207
75.000    0.5747    1.5975    -0.3345
80.000    0.3921    1.4898    -0.3473
85.000    0.2332    1.3600    -0.3591
90.000    0.1083    1.2754    -0.3698
95.000    0.0017    1.2783    -0.3793
100.000    -0.1031    1.2681    -0.3875
105.000    -0.2052    1.2448    -0.3942
110.000    -0.3039    1.2086    -0.3994
115.000    -0.3956    1.1600    -0.4026
120.000    -0.4795    1.0995    -0.4037
125.000    -0.5528    1.0276    -0.4023
130.000    -0.6131    0.9456    -0.3977
135.000    -0.6585    0.8546    -0.3897
140.000    -0.6873    0.7563    -0.3775
145.000    -0.6960    0.6528    -0.3604
150.000    -0.6829    0.5465    -0.3374
155.000    -0.6454    0.4404    -0.3075
160.000    -0.5799    0.3382    -0.2694
170.000    -0.3581    0.1632    -0.1623
175.000    -0.1974    0.1246    -0.0893
180.000    0.0000    0.1159    0.0000
EOT 1
