AeroDyn airfoil file.  Compatible with AeroDyn v13.0.
This file was generated automatically by HARP_Opt.
This data represents a 74.9 percent thick airfoil, and was interpolated between the airfoil data in the files NREL5MW_1000.dat and NREL5MW_0400.dat.
  1           Number of airfoil tables in this file
 1.000         Table ID parameter (Reynolds number in millions)
 3.765         Stall angle (deg)
  0           Zero lift angle of attack (deg)
  0           Cn slope for zero lift (dimensionless)
  0           Cn at stall value for positive angle of attack
  0           Cn at stall value for negative angle of attack
  0           Angle of attack for minimum CD (deg)
  0           Minimum CD value
-180.000    0.0000    0.3160    0.0000
-175.000    0.0912    0.3201    0.0391
-170.000    0.1661    0.3371    0.0710
-160.000    0.2686    0.4182    0.1177
-155.000    0.2991    0.4657    0.1342
-150.000    0.3167    0.5149    0.1471
-145.000    0.3230    0.5642    0.1570
-140.000    0.3188    0.6123    0.1642
-135.000    0.3058    0.6580    0.1693
-130.000    0.2845    0.7003    0.1726
-125.000    0.2564    0.7384    0.1743
-120.000    0.2226    0.7719    0.1747
-115.000    0.1836    0.8001    0.1739
-110.000    0.1410    0.8228    0.1722
-105.000    0.0954    0.8396    0.1697
-100.000    0.0477    0.8505    0.1665
-95.000    -0.0008    0.8552    0.1626
-90.000    -0.0502    0.8539    0.1582
-85.000    -0.0987    0.8465    0.1532
-80.000    -0.1460    0.8332    0.1478
-75.000    -0.1908    0.8140    0.1420
-70.000    -0.2330    0.7894    0.1357
-65.000    -0.2707    0.7595    0.1290
-60.000    -0.3041    0.7249    0.1219
-55.000    -0.3313    0.6860    0.1143
-50.000    -0.3522    0.6434    0.1064
-45.000    -0.3656    0.5981    0.0980
-40.000    -0.3706    0.5508    0.0891
-35.000    -0.3660    0.5028    0.0797
-30.000    -0.3510    0.4553    0.0699
-25.000    -0.3250    0.4100    0.0595
-24.000    -0.3184    0.4014    0.0574
-23.000    -0.3112    0.3929    0.0552
-22.000    -0.3033    0.3846    0.0530
-21.000    -0.2953    0.3765    0.0508
-20.000    -0.2866    0.3687    0.0486
-19.000    -0.2769    0.3614    0.0459
-18.000    -0.2656    0.3550    0.0423
-17.000    -0.2531    0.3493    0.0379
-16.000    -0.2389    0.3444    0.0328
-15.000    -0.2234    0.3403    0.0270
-14.000    -0.2067    0.3369    0.0207
-13.000    -0.1891    0.3342    0.0138
-12.000    -0.1703    0.3321    0.0065
-11.000    -0.1506    0.3306    -0.0011
-10.000    -0.1301    0.3298    -0.0089
-8.000    -0.0870    0.3297    -0.0251
-6.000    -0.0464    0.3197    -0.0209
-5.500    -0.0376    0.3165    -0.0216
-5.000    -0.0301    0.3137    -0.0223
-4.500    -0.0272    0.3109    -0.0225
-4.000    -0.0226    0.3080    -0.0228
-3.500    -0.0071    0.3054    -0.0232
-3.000    0.0013    0.3033    -0.0233
-2.500    0.0059    0.3015    -0.0232
-2.000    0.0038    0.2991    -0.0223
-1.500    0.0017    0.2977    -0.0185
-1.000    0.0151    0.2970    -0.0196
-0.500    0.0305    0.2966    -0.0218
0.000    0.0573    0.2956    -0.0240
0.500    0.0891    0.2956    -0.0269
1.000    0.1222    0.2958    -0.0300
1.500    0.1544    0.2959    -0.0328
2.000    0.1857    0.2960    -0.0349
2.500    0.2150    0.2960    -0.0362
3.000    0.2426    0.2960    -0.0371
3.500    0.2698    0.2959    -0.0376
4.000    0.2970    0.2958    -0.0382
4.500    0.3246    0.2959    -0.0390
5.000    0.3518    0.2961    -0.0396
5.500    0.3782    0.2962    -0.0400
6.000    0.4045    0.2965    -0.0405
6.500    0.4296    0.2969    -0.0407
7.000    0.4535    0.2974    -0.0407
7.500    0.4769    0.2981    -0.0407
8.000    0.4991    0.2991    -0.0405
8.500    0.5196    0.3005    -0.0401
9.000    0.5384    0.3023    -0.0397
9.500    0.5576    0.3043    -0.0394
10.000    0.5723    0.3073    -0.0387
10.500    0.5857    0.3107    -0.0380
11.000    0.5961    0.3151    -0.0372
11.500    0.6062    0.3197    -0.0367
12.000    0.6162    0.3250    -0.0364
12.500    0.6250    0.3315    -0.0364
13.000    0.6329    0.3381    -0.0366
13.500    0.6434    0.3447    -0.0371
14.500    0.6639    0.3599    -0.0384
15.000    0.6752    0.3680    -0.0393
15.500    0.6823    0.3767    -0.0404
16.000    0.6898    0.3850    -0.0417
16.500    0.6969    0.3940    -0.0431
17.000    0.7032    0.4031    -0.0447
17.500    0.7107    0.4122    -0.0464
18.000    0.7191    0.4214    -0.0484
19.000    0.7325    0.4395    -0.0520
19.500    0.7392    0.4491    -0.0540
20.500    0.7522    0.4670    -0.0579
21.000    0.7572    0.4755    -0.0592
22.000    0.7655    0.4929    -0.0619
23.000    0.7727    0.5108    -0.0645
24.000    0.7785    0.5290    -0.0671
25.000    0.7831    0.5477    -0.0696
26.000    0.7869    0.5666    -0.0721
28.000    0.7923    0.6051    -0.0770
30.000    0.7965    0.6439    -0.0817
32.000    0.8011    0.6826    -0.0863
35.000    0.8070    0.7394    -0.0929
40.000    0.7961    0.8294    -0.1032
45.000    0.7614    0.9098    -0.1130
50.000    0.7070    0.9769    -0.1222
55.000    0.6367    1.0275    -0.1308
60.000    0.5535    1.0589    -0.1389
65.000    0.4627    1.0695    -0.1465
70.000    0.3681    1.0583    -0.1536
75.000    0.2753    1.0257    -0.1602
80.000    0.1878    0.9741    -0.1664
85.000    0.1117    0.9119    -0.1720
90.000    0.0519    0.8714    -0.1771
95.000    0.0008    0.8728    -0.1817
100.000    -0.0494    0.8679    -0.1856
105.000    -0.0983    0.8568    -0.1888
110.000    -0.1456    0.8394    -0.1913
115.000    -0.1895    0.8161    -0.1929
120.000    -0.2297    0.7871    -0.1934
125.000    -0.2648    0.7527    -0.1927
130.000    -0.2937    0.7134    -0.1905
135.000    -0.3154    0.6698    -0.1867
140.000    -0.3292    0.6228    -0.1808
145.000    -0.3334    0.5732    -0.1726
150.000    -0.3271    0.5223    -0.1616
155.000    -0.3091    0.4715    -0.1473
160.000    -0.2778    0.4225    -0.1291
170.000    -0.1715    0.3387    -0.0777
175.000    -0.0945    0.3202    -0.0428
180.000    0.0000    0.3160    0.0000
EOT 1
