AeroDyn airfoil file.  Compatible with AeroDyn v13.0.
This file was generated automatically by HARP_Opt.
This data represents a 27.1 percent thick airfoil, and was interpolated between the airfoil data in the files NREL5MW_0300.dat and NREL5MW_0250.dat.
  1           Number of airfoil tables in this file
 1.000         Table ID parameter (Reynolds number in millions)
 8.710         Stall angle (deg)
  0           Zero lift angle of attack (deg)
  0           Cn slope for zero lift (dimensionless)
  0           Cn at stall value for positive angle of attack
  0           Cn at stall value for negative angle of attack
  0           Angle of attack for minimum CD (deg)
  0           Minimum CD value
-180.000    0.0000    0.0229    0.0000
-175.000    0.3285    0.0343    0.1649
-170.000    0.6560    0.0953    0.3313
-160.000    0.6908    0.2860    0.2705
-155.000    0.7724    0.4011    0.3076
-150.000    0.8230    0.5222    0.3363
-145.000    0.8441    0.6450    0.3578
-140.000    0.8401    0.7658    0.3734
-135.000    0.8121    0.8816    0.3838
-130.000    0.7647    0.9899    0.3901
-125.000    0.6987    1.0887    0.3927
-120.000    0.6177    1.1763    0.3922
-115.000    0.5237    1.2515    0.3893
-110.000    0.4197    1.3133    0.3841
-105.000    0.3081    1.3609    0.3771
-100.000    0.1895    1.3938    0.3684
-95.000    0.0680    1.4118    0.3585
-90.000    -0.0546    1.4146    0.3473
-85.000    -0.1772    1.4022    0.3349
-80.000    -0.2974    1.3749    0.3216
-75.000    -0.4119    1.3329    0.3074
-70.000    -0.5201    1.2767    0.2923
-65.000    -0.6191    1.2071    0.2763
-60.000    -0.7068    1.1248    0.2595
-55.000    -0.7804    1.0312    0.2419
-50.000    -0.8386    0.9276    0.2234
-45.000    -0.8782    0.8159    0.2042
-40.000    -0.8967    0.6984    0.1841
-35.000    -0.8913    0.5776    0.1633
-30.000    -0.8603    0.4569    0.1416
-25.000    -0.8152    0.3406    0.1183
-24.000    -0.8172    0.3183    0.1124
-23.000    -0.8281    0.2961    0.1052
-22.000    -0.8453    0.2739    0.0969
-21.000    -0.8690    0.2519    0.0876
-20.000    -0.8982    0.2300    0.0774
-19.000    -0.9313    0.2086    0.0664
-18.000    -0.9678    0.1874    0.0548
-17.000    -1.0075    0.1667    0.0427
-16.000    -1.0478    0.1465    0.0301
-15.250    -1.0784    0.1318    0.0205
-14.240    -1.0686    0.1103    0.0069
-13.240    -1.0498    0.0890    -0.0078
-12.220    -0.9985    0.0635    -0.0227
-11.220    -0.9340    0.0544    -0.0304
-10.190    -0.8525    0.0479    -0.0398
-9.700    -0.8129    0.0451    -0.0438
-9.180    -0.7683    0.0413    -0.0486
-8.180    -0.6959    0.0242    -0.0642
-7.190    -0.5909    0.0139    -0.0719
-6.650    -0.5167    0.0127    -0.0774
-6.130    -0.4438    0.0117    -0.0824
-6.000    -0.4261    0.0102    -0.0856
-5.500    -0.3547    0.0094    -0.0899
-5.000    -0.2880    0.0083    -0.0977
-4.500    -0.2200    0.0080    -0.1005
-4.000    -0.1541    0.0079    -0.1032
-3.500    -0.0898    0.0077    -0.1059
-3.000    -0.0220    0.0077    -0.1085
-2.500    0.0453    0.0076    -0.1110
-2.000    0.1121    0.0076    -0.1133
-1.500    0.1790    0.0076    -0.1155
-1.000    0.2448    0.0076    -0.1177
-0.500    0.3106    0.0076    -0.1198
0.000    0.3785    0.0074    -0.1217
0.279    0.4147    0.0074    -0.1229
0.558    0.4510    0.0074    -0.1240
0.836    0.4876    0.0075    -0.1250
1.114    0.5238    0.0075    -0.1260
1.390    0.5593    0.0076    -0.1271
1.665    0.5951    0.0077    -0.1280
1.938    0.6311    0.0077    -0.1290
2.209    0.6662    0.0078    -0.1299
2.478    0.7009    0.0078    -0.1308
2.745    0.7350    0.0079    -0.1316
3.008    0.7684    0.0079    -0.1324
3.269    0.8013    0.0080    -0.1331
3.526    0.8342    0.0080    -0.1339
3.779    0.8665    0.0081    -0.1345
4.029    0.8980    0.0082    -0.1352
4.274    0.9287    0.0083    -0.1357
4.515    0.9589    0.0084    -0.1362
4.752    0.9867    0.0085    -0.1362
4.983    1.0124    0.0086    -0.1362
5.210    1.0376    0.0088    -0.1361
5.431    1.0623    0.0091    -0.1360
5.646    1.0863    0.0094    -0.1359
5.856    1.1097    0.0097    -0.1357
6.059    1.1322    0.0100    -0.1356
6.257    1.1538    0.0103    -0.1354
6.448    1.1742    0.0108    -0.1352
6.632    1.1940    0.0112    -0.1349
6.810    1.2127    0.0116    -0.1346
6.980    1.2303    0.0120    -0.1342
7.144    1.2472    0.0123    -0.1339
7.300    1.2631    0.0126    -0.1336
7.448    1.2774    0.0130    -0.1332
7.589    1.2909    0.0133    -0.1326
7.722    1.3032    0.0136    -0.1317
7.847    1.3129    0.0139    -0.1309
7.965    1.3218    0.0142    -0.1301
8.073    1.3302    0.0145    -0.1293
8.174    1.3379    0.0147    -0.1286
8.266    1.3448    0.0150    -0.1279
8.350    1.3510    0.0152    -0.1272
8.425    1.3566    0.0154    -0.1267
8.492    1.3616    0.0156    -0.1261
8.549    1.3659    0.0157    -0.1257
8.598    1.3695    0.0158    -0.1253
8.638    1.3725    0.0159    -0.1250
8.670    1.3748    0.0160    -0.1248
8.692    1.3765    0.0161    -0.1246
8.706    1.3775    0.0161    -0.1245
8.710    1.3778    0.0161    -0.1245
8.729    1.3790    0.0162    -0.1243
8.785    1.3826    0.0164    -0.1239
8.878    1.3886    0.0167    -0.1232
9.008    1.3970    0.0171    -0.1222
9.175    1.4078    0.0176    -0.1207
9.379    1.4204    0.0186    -0.1189
9.620    1.4351    0.0199    -0.1168
9.897    1.4483    0.0219    -0.1145
10.210    1.4610    0.0245    -0.1120
10.559    1.4620    0.0286    -0.1093
10.943    1.4517    0.0336    -0.1064
11.362    1.4318    0.0399    -0.1033
11.816    1.4096    0.0472    -0.1004
12.304    1.3875    0.0560    -0.0977
12.825    1.3374    0.0690    -0.0953
13.380    1.3068    0.0824    -0.0937
13.967    1.2930    0.0970    -0.0933
14.586    1.2913    0.1128    -0.0946
15.236    1.2960    0.1304    -0.0969
15.917    1.3037    0.1486    -0.1002
16.627    1.3066    0.1668    -0.1038
17.367    1.3166    0.1850    -0.1082
18.135    1.3243    0.2027    -0.1128
18.931    1.3425    0.2215    -0.1188
19.754    1.3665    0.2400    -0.1255
20.602    1.3890    0.2597    -0.1332
21.476    1.3796    0.2847    -0.1400
22.374    1.3534    0.3109    -0.1458
23.295    1.3255    0.3382    -0.1516
24.238    1.2969    0.3667    -0.1575
25.203    1.2680    0.3961    -0.1635
26.188    1.2400    0.4265    -0.1695
27.192    1.2139    0.4576    -0.1754
28.214    1.1890    0.4892    -0.1815
29.254    1.1696    0.5213    -0.1874
30.310    1.1530    0.5536    -0.1934
31.382    1.1441    0.5860    -0.1992
32.467    1.1405    0.6183    -0.2050
33.565    1.1443    0.6504    -0.2107
34.674    1.1481    0.6828    -0.2165
35.795    1.1487    0.7150    -0.2220
36.925    1.1478    0.7473    -0.2276
38.063    1.1470    0.7798    -0.2332
39.208    1.1461    0.8125    -0.2388
40.359    1.1431    0.8448    -0.2444
41.515    1.1352    0.8759    -0.2498
42.675    1.1273    0.9072    -0.2551
43.837    1.1194    0.9385    -0.2605
45.000    1.1114    0.9699    -0.2659
50.000    1.0497    1.0927    -0.2877
55.000    0.9649    1.1999    -0.3083
60.000    0.8612    1.2885    -0.3276
65.000    0.7427    1.3564    -0.3457
70.000    0.6135    1.4021    -0.3626
75.000    0.4783    1.4252    -0.3785
80.000    0.3411    1.4265    -0.3932
85.000    0.2071    1.4107    -0.4067
90.000    0.0804    1.3965    -0.4190
95.000    -0.0416    1.3960    -0.4299
100.000    -0.1616    1.3805    -0.4395
105.000    -0.2786    1.3501    -0.4473
110.000    -0.3906    1.3050    -0.4533
115.000    -0.4940    1.2458    -0.4572
120.000    -0.5884    1.1732    -0.4585
125.000    -0.6699    1.0880    -0.4571
130.000    -0.7363    0.9916    -0.4522
135.000    -0.7857    0.8855    -0.4432
140.000    -0.8151    0.7716    -0.4294
145.000    -0.8214    0.6523    -0.4101
150.000    -0.8022    0.5306    -0.3841
155.000    -0.7546    0.4101    -0.3502
160.000    -0.6765    0.2949    -0.3069
170.000    -0.6560    0.1019    -0.3320
175.000    -0.3285    0.0369    -0.1650
180.000    0.0000    0.0229    0.0000
EOT 1
