AeroDyn airfoil file.  Compatible with AeroDyn v13.0.
This file was generated automatically by HARP_Opt.
This data represents a 73.1 percent thick airfoil, and was interpolated between the airfoil data in the files NREL5MW_1000.dat and NREL5MW_0400.dat.
  1           Number of airfoil tables in this file
 1.000         Table ID parameter (Reynolds number in millions)
 4.035         Stall angle (deg)
  0           Zero lift angle of attack (deg)
  0           Cn slope for zero lift (dimensionless)
  0           Cn at stall value for positive angle of attack
  0           Cn at stall value for negative angle of attack
  0           Angle of attack for minimum CD (deg)
  0           Minimum CD value
-180.000    0.0000    0.3028    0.0000
-175.000    0.0977    0.3072    0.0419
-170.000    0.1780    0.3255    0.0761
-160.000    0.2878    0.4124    0.1261
-155.000    0.3206    0.4632    0.1438
-150.000    0.3394    0.5159    0.1576
-145.000    0.3461    0.5688    0.1682
-140.000    0.3416    0.6204    0.1760
-135.000    0.3277    0.6693    0.1815
-130.000    0.3049    0.7147    0.1850
-125.000    0.2748    0.7555    0.1868
-120.000    0.2385    0.7914    0.1872
-115.000    0.1968    0.8216    0.1864
-110.000    0.1511    0.8459    0.1846
-105.000    0.1022    0.8640    0.1819
-100.000    0.0511    0.8756    0.1784
-95.000    -0.0009    0.8807    0.1743
-90.000    -0.0538    0.8793    0.1695
-85.000    -0.1058    0.8714    0.1642
-80.000    -0.1565    0.8571    0.1584
-75.000    -0.2044    0.8366    0.1522
-70.000    -0.2497    0.8102    0.1454
-65.000    -0.2901    0.7781    0.1383
-60.000    -0.3259    0.7410    0.1306
-55.000    -0.3551    0.6993    0.1225
-50.000    -0.3775    0.6537    0.1140
-45.000    -0.3918    0.6051    0.1050
-40.000    -0.3972    0.5545    0.0955
-35.000    -0.3923    0.5030    0.0855
-30.000    -0.3762    0.4521    0.0749
-25.000    -0.3484    0.4036    0.0638
-24.000    -0.3412    0.3943    0.0615
-23.000    -0.3336    0.3852    0.0592
-22.000    -0.3250    0.3763    0.0568
-21.000    -0.3165    0.3677    0.0545
-20.000    -0.3071    0.3593    0.0521
-19.000    -0.2968    0.3515    0.0492
-18.000    -0.2847    0.3446    0.0454
-17.000    -0.2712    0.3385    0.0407
-16.000    -0.2560    0.3333    0.0351
-15.000    -0.2394    0.3289    0.0290
-14.000    -0.2215    0.3252    0.0221
-13.000    -0.2026    0.3223    0.0148
-12.000    -0.1825    0.3200    0.0070
-11.000    -0.1614    0.3185    -0.0012
-10.000    -0.1394    0.3176    -0.0095
-8.000    -0.0933    0.3175    -0.0269
-6.000    -0.0498    0.3067    -0.0224
-5.500    -0.0403    0.3034    -0.0231
-5.000    -0.0323    0.3004    -0.0239
-4.500    -0.0291    0.2974    -0.0241
-4.000    -0.0242    0.2943    -0.0244
-3.500    -0.0076    0.2915    -0.0248
-3.000    0.0013    0.2892    -0.0250
-2.500    0.0063    0.2873    -0.0249
-2.000    0.0040    0.2847    -0.0239
-1.500    0.0018    0.2832    -0.0198
-1.000    0.0161    0.2824    -0.0210
-0.500    0.0327    0.2820    -0.0234
0.000    0.0614    0.2809    -0.0257
0.500    0.0955    0.2809    -0.0289
1.000    0.1309    0.2811    -0.0322
1.500    0.1654    0.2813    -0.0351
2.000    0.1991    0.2814    -0.0374
2.500    0.2304    0.2814    -0.0388
3.000    0.2600    0.2813    -0.0398
3.500    0.2892    0.2812    -0.0403
4.000    0.3183    0.2812    -0.0410
4.500    0.3479    0.2813    -0.0418
5.000    0.3770    0.2814    -0.0425
5.500    0.4053    0.2816    -0.0429
6.000    0.4335    0.2819    -0.0434
6.500    0.4604    0.2823    -0.0436
7.000    0.4860    0.2829    -0.0436
7.500    0.5111    0.2836    -0.0436
8.000    0.5349    0.2847    -0.0434
8.500    0.5568    0.2862    -0.0430
9.000    0.5770    0.2882    -0.0425
9.500    0.5976    0.2903    -0.0422
10.000    0.6133    0.2935    -0.0415
10.500    0.6277    0.2971    -0.0407
11.000    0.6389    0.3018    -0.0399
11.500    0.6496    0.3068    -0.0393
12.000    0.6604    0.3124    -0.0390
12.500    0.6698    0.3195    -0.0390
13.000    0.6783    0.3265    -0.0393
13.500    0.6895    0.3336    -0.0397
14.500    0.7115    0.3498    -0.0411
15.000    0.7236    0.3586    -0.0421
15.500    0.7312    0.3678    -0.0433
16.000    0.7393    0.3767    -0.0447
16.500    0.7469    0.3864    -0.0462
17.000    0.7536    0.3962    -0.0479
17.500    0.7617    0.4058    -0.0498
18.000    0.7707    0.4158    -0.0519
19.000    0.7850    0.4352    -0.0557
19.500    0.7922    0.4454    -0.0579
20.500    0.8061    0.4647    -0.0620
21.000    0.8115    0.4738    -0.0635
22.000    0.8204    0.4924    -0.0663
23.000    0.8281    0.5115    -0.0691
24.000    0.8343    0.5311    -0.0719
25.000    0.8393    0.5512    -0.0746
26.000    0.8433    0.5714    -0.0773
28.000    0.8491    0.6127    -0.0825
30.000    0.8536    0.6543    -0.0876
32.000    0.8586    0.6957    -0.0925
35.000    0.8648    0.7565    -0.0995
40.000    0.8532    0.8530    -0.1106
45.000    0.8160    0.9392    -0.1211
50.000    0.7577    1.0111    -0.1310
55.000    0.6824    1.0653    -0.1402
60.000    0.5931    1.0990    -0.1489
65.000    0.4959    1.1104    -0.1570
70.000    0.3945    1.0984    -0.1646
75.000    0.2950    1.0634    -0.1717
80.000    0.2013    1.0081    -0.1783
85.000    0.1197    0.9415    -0.1844
90.000    0.0556    0.8981    -0.1898
95.000    0.0009    0.8996    -0.1947
100.000    -0.0529    0.8943    -0.1989
105.000    -0.1054    0.8823    -0.2024
110.000    -0.1560    0.8638    -0.2050
115.000    -0.2031    0.8388    -0.2067
120.000    -0.2461    0.8077    -0.2073
125.000    -0.2838    0.7708    -0.2065
130.000    -0.3147    0.7287    -0.2042
135.000    -0.3380    0.6820    -0.2000
140.000    -0.3528    0.6316    -0.1938
145.000    -0.3573    0.5785    -0.1850
150.000    -0.3506    0.5239    -0.1732
155.000    -0.3313    0.4694    -0.1579
160.000    -0.2977    0.4169    -0.1383
170.000    -0.1838    0.3271    -0.0833
175.000    -0.1013    0.3073    -0.0458
180.000    0.0000    0.3028    0.0000
EOT 1
