AeroDyn airfoil file.  Compatible with AeroDyn v13.0.
This file was generated automatically by HARP_Opt.
This data represents a 58 percent thick airfoil, and was interpolated between the airfoil data in the files NREL5MW_1000.dat and NREL5MW_0400.dat.
  1           Number of airfoil tables in this file
 1.000         Table ID parameter (Reynolds number in millions)
 6.300         Stall angle (deg)
  0           Zero lift angle of attack (deg)
  0           Cn slope for zero lift (dimensionless)
  0           Cn at stall value for positive angle of attack
  0           Cn at stall value for negative angle of attack
  0           Angle of attack for minimum CD (deg)
  0           Minimum CD value
-180.000    0.0000    0.1921    0.0000
-175.000    0.1526    0.1989    0.0654
-170.000    0.2779    0.2275    0.1188
-160.000    0.4494    0.3631    0.1969
-155.000    0.5005    0.4425    0.2246
-150.000    0.5299    0.5249    0.2461
-145.000    0.5404    0.6075    0.2626
-140.000    0.5334    0.6879    0.2748
-135.000    0.5117    0.7644    0.2834
-130.000    0.4760    0.8352    0.2888
-125.000    0.4291    0.8990    0.2916
-120.000    0.3724    0.9549    0.2923
-115.000    0.3073    1.0022    0.2911
-110.000    0.2359    1.0401    0.2882
-105.000    0.1596    1.0683    0.2840
-100.000    0.0798    1.0865    0.2785
-95.000    -0.0014    1.0944    0.2721
-90.000    -0.0840    1.0922    0.2647
-85.000    -0.1652    1.0798    0.2564
-80.000    -0.2443    1.0575    0.2474
-75.000    -0.3192    1.0255    0.2376
-70.000    -0.3899    0.9843    0.2271
-65.000    -0.4529    0.9343    0.2159
-60.000    -0.5089    0.8763    0.2040
-55.000    -0.5544    0.8112    0.1913
-50.000    -0.5894    0.7400    0.1780
-45.000    -0.6118    0.6642    0.1639
-40.000    -0.6202    0.5851    0.1490
-35.000    -0.6125    0.5047    0.1334
-30.000    -0.5873    0.4252    0.1169
-25.000    -0.5439    0.3494    0.0995
-24.000    -0.5327    0.3349    0.0960
-23.000    -0.5208    0.3208    0.0924
-22.000    -0.5075    0.3069    0.0888
-21.000    -0.4942    0.2934    0.0850
-20.000    -0.4795    0.2803    0.0813
-19.000    -0.4634    0.2681    0.0768
-18.000    -0.4445    0.2573    0.0708
-17.000    -0.4235    0.2479    0.0635
-16.000    -0.3997    0.2397    0.0549
-15.000    -0.3738    0.2328    0.0452
-14.000    -0.3458    0.2271    0.0346
-13.000    -0.3164    0.2225    0.0231
-12.000    -0.2849    0.2190    0.0109
-11.000    -0.2520    0.2166    -0.0018
-10.000    -0.2177    0.2152    -0.0149
-8.000    -0.1456    0.2151    -0.0420
-6.000    -0.0777    0.1982    -0.0350
-5.500    -0.0630    0.1930    -0.0361
-5.000    -0.0504    0.1883    -0.0372
-4.500    -0.0455    0.1836    -0.0377
-4.000    -0.0378    0.1788    -0.0381
-3.500    -0.0119    0.1744    -0.0388
-3.000    0.0021    0.1709    -0.0391
-2.500    0.0098    0.1679    -0.0388
-2.000    0.0063    0.1639    -0.0374
-1.500    0.0028    0.1615    -0.0309
-1.000    0.0252    0.1603    -0.0328
-0.500    0.0511    0.1596    -0.0365
0.000    0.0959    0.1579    -0.0401
0.500    0.1491    0.1580    -0.0451
1.000    0.2044    0.1583    -0.0503
1.500    0.2583    0.1585    -0.0548
2.000    0.3108    0.1587    -0.0585
2.500    0.3598    0.1587    -0.0606
3.000    0.4060    0.1586    -0.0621
3.500    0.4515    0.1584    -0.0630
4.000    0.4970    0.1583    -0.0640
4.500    0.5432    0.1585    -0.0653
5.000    0.5887    0.1588    -0.0663
5.500    0.6328    0.1590    -0.0670
6.000    0.6769    0.1595    -0.0677
6.500    0.7189    0.1601    -0.0681
7.000    0.7588    0.1611    -0.0680
7.500    0.7980    0.1622    -0.0680
8.000    0.8351    0.1639    -0.0678
8.500    0.8694    0.1662    -0.0671
9.000    0.9009    0.1693    -0.0664
9.500    0.9331    0.1726    -0.0659
10.000    0.9576    0.1775    -0.0648
10.500    0.9800    0.1833    -0.0636
11.000    0.9975    0.1906    -0.0623
11.500    1.0143    0.1984    -0.0614
12.000    1.0311    0.2071    -0.0609
12.500    1.0458    0.2181    -0.0609
13.000    1.0591    0.2290    -0.0613
13.500    1.0766    0.2402    -0.0620
14.500    1.1109    0.2655    -0.0642
15.000    1.1298    0.2792    -0.0657
15.500    1.1417    0.2936    -0.0676
16.000    1.1543    0.3075    -0.0697
16.500    1.1662    0.3227    -0.0722
17.000    1.1767    0.3379    -0.0748
17.500    1.1893    0.3530    -0.0777
18.000    1.2033    0.3685    -0.0810
19.000    1.2257    0.3988    -0.0869
19.500    1.2369    0.4148    -0.0904
20.500    1.2586    0.4448    -0.0969
21.000    1.2670    0.4591    -0.0991
22.000    1.2810    0.4881    -0.1035
23.000    1.2929    0.5180    -0.1079
24.000    1.3027    0.5486    -0.1122
25.000    1.3104    0.5799    -0.1165
26.000    1.3167    0.6115    -0.1207
28.000    1.3258    0.6759    -0.1289
30.000    1.3328    0.7409    -0.1368
32.000    1.3405    0.8055    -0.1444
35.000    1.3503    0.9005    -0.1554
40.000    1.3321    1.0511    -0.1728
45.000    1.2740    1.1857    -0.1891
50.000    1.1830    1.2981    -0.2045
55.000    1.0654    1.3826    -0.2189
60.000    0.9261    1.4352    -0.2325
65.000    0.7742    1.4530    -0.2451
70.000    0.6160    1.4343    -0.2570
75.000    0.4606    1.3797    -0.2681
80.000    0.3143    1.2934    -0.2784
85.000    0.1869    1.1893    -0.2878
90.000    0.0868    1.1215    -0.2964
95.000    0.0014    1.1238    -0.3040
100.000    -0.0826    1.1157    -0.3106
105.000    -0.1645    1.0970    -0.3160
110.000    -0.2436    1.0680    -0.3201
115.000    -0.3171    1.0290    -0.3227
120.000    -0.3843    0.9805    -0.3236
125.000    -0.4431    0.9229    -0.3224
130.000    -0.4914    0.8571    -0.3188
135.000    -0.5278    0.7842    -0.3123
140.000    -0.5509    0.7055    -0.3026
145.000    -0.5579    0.6225    -0.2889
150.000    -0.5474    0.5372    -0.2704
155.000    -0.5173    0.4523    -0.2465
160.000    -0.4648    0.3703    -0.2159
170.000    -0.2870    0.2301    -0.1301
175.000    -0.1582    0.1991    -0.0715
180.000    0.0000    0.1921    0.0000
EOT 1
