---
---
NREL 5.0 MW offshore baseline blade input properties.
---
  49
False
0.477465
0.477465
0.477465
---
1.000000
1.000000
1.045360
1.000000
1.000000
Blade properties
---
---
0.00000	0.25000	13.30800	678.93500	18110000000.00000	9729480000.00000	5564400000.00000	9729480000.00000	0.00000	972.86000	973.04000	0.00000	0.00000	0.00000	0.00017	0.00000
0.00325	0.25000	13.30800	678.93500	18110000000.00000	9729480000.00000	5564400000.00000	9729480000.00000	0.00000	972.86000	973.04000	0.00000	0.00000	0.00000	0.00017	0.00000
0.01951	0.24951	13.30800	773.36300	19424900000.00000	10789500000.00000	5431590000.00000	10789500000.00000	0.00000	1091.52000	1066.38000	0.00000	0.00000	0.00000	-0.02309	0.00000
0.03577	0.24510	13.30800	740.55000	17455900000.00000	10067230000.00000	4993980000.00000	10067230000.00000	0.00000	966.09000	1047.36000	0.00000	0.00000	0.00000	0.00344	0.00000
0.05203	0.23284	13.30800	740.04200	15287400000.00000	9867780000.00000	4666590000.00000	9867780000.00000	0.00000	873.81000	1099.75000	0.00000	0.00000	0.00000	0.04345	0.00000
0.06829	0.22059	13.30800	592.49600	10782400000.00000	7607860000.00000	3474710000.00000	7607860000.00000	0.00000	648.55000	873.02000	0.00000	0.00000	0.00000	0.05893	0.00000
0.08455	0.20833	13.30800	450.27500	7229720000.00000	5491260000.00000	2323540000.00000	5491260000.00000	0.00000	456.76000	641.49000	0.00000	0.00000	0.00000	0.06494	0.00000
0.10081	0.19608	13.30800	424.05400	6309540000.00000	4971300000.00000	1907870000.00000	4971300000.00000	0.00000	400.53000	593.73000	0.00000	0.00000	0.00000	0.07718	0.00000
0.11707	0.18382	13.30800	400.63800	5528360000.00000	4493950000.00000	1570360000.00000	4493950000.00000	0.00000	351.61000	547.18000	0.00000	0.00000	0.00000	0.08394	0.00000
0.13335	0.17156	13.30800	382.06200	4980060000.00000	4034800000.00000	1158260000.00000	4034800000.00000	0.00000	316.12000	490.84000	0.00000	0.00000	0.00000	0.10174	0.00000
0.14959	0.15931	13.30800	399.65500	4936840000.00000	4037290000.00000	1002120000.00000	4037290000.00000	0.00000	303.60000	503.86000	0.00000	0.00000	0.00000	0.10758	0.00000
0.16585	0.14706	13.30800	426.32100	4691660000.00000	4169720000.00000	855900000.00000	4169720000.00000	0.00000	289.24000	544.70000	0.00000	0.00000	0.00000	0.15829	0.00000
0.18211	0.13481	13.18100	416.82000	3949460000.00000	4082350000.00000	672270000.00000	4082350000.00000	0.00000	246.57000	569.90000	0.00000	0.00000	0.00000	0.22235	0.00000
0.19837	0.12500	12.84800	406.18600	3386520000.00000	4085970000.00000	547490000.00000	4085970000.00000	0.00000	215.91000	601.28000	0.00000	0.00000	0.00000	0.30756	0.00000
0.21465	0.12500	12.19200	381.42000	2933740000.00000	3668340000.00000	448840000.00000	3668340000.00000	0.00000	187.11000	546.56000	0.00000	0.00000	0.00000	0.30386	0.00000
0.23089	0.12500	11.56100	352.82200	2568960000.00000	3147760000.00000	335920000.00000	3147760000.00000	0.00000	160.84000	468.71000	0.00000	0.00000	0.00000	0.26519	0.00000
0.24715	0.12500	11.07200	349.47700	2388650000.00000	3011580000.00000	311350000.00000	3011580000.00000	0.00000	148.56000	453.76000	0.00000	0.00000	0.00000	0.25941	0.00000
0.26341	0.12500	10.79200	346.53800	2271990000.00000	2882620000.00000	291940000.00000	2882620000.00000	0.00000	140.30000	436.22000	0.00000	0.00000	0.00000	0.25007	0.00000
0.29595	0.12500	10.23200	339.33300	2050050000.00000	2613970000.00000	261000000.00000	2613970000.00000	0.00000	124.61000	398.18000	0.00000	0.00000	0.00000	0.23155	0.00000
0.32846	0.12500	9.67200	330.00400	1828250000.00000	2357480000.00000	228820000.00000	2357480000.00000	0.00000	109.42000	362.08000	0.00000	0.00000	0.00000	0.20382	0.00000
0.36098	0.12500	9.11000	321.99000	1588710000.00000	2146860000.00000	200750000.00000	2146860000.00000	0.00000	94.36000	335.01000	0.00000	0.00000	0.00000	0.19934	0.00000
0.39350	0.12500	8.53400	313.82000	1361930000.00000	1944090000.00000	174380000.00000	1944090000.00000	0.00000	80.24000	308.57000	0.00000	0.00000	0.00000	0.19323	0.00000
0.42602	0.12500	7.93200	294.73400	1102380000.00000	1632700000.00000	144470000.00000	1632700000.00000	0.00000	62.67000	263.87000	0.00000	0.00000	0.00000	0.14994	0.00000
0.45855	0.12500	7.32100	287.12000	875800000.00000	1432400000.00000	119980000.00000	1432400000.00000	0.00000	49.42000	237.06000	0.00000	0.00000	0.00000	0.15421	0.00000
0.49106	0.12500	6.71100	263.34300	681300000.00000	1168760000.00000	81190000.00000	1168760000.00000	0.00000	37.34000	196.41000	0.00000	0.00000	0.00000	0.13252	0.00000
0.52358	0.12500	6.12200	253.20700	534720000.00000	1047430000.00000	69090000.00000	1047430000.00000	0.00000	29.14000	180.34000	0.00000	0.00000	0.00000	0.13313	0.00000
0.55610	0.12500	5.54600	241.66600	408900000.00000	922950000.00000	57450000.00000	922950000.00000	0.00000	22.16000	162.43000	0.00000	0.00000	0.00000	0.14035	0.00000
0.58862	0.12500	4.97100	220.63800	314540000.00000	760820000.00000	45920000.00000	760820000.00000	0.00000	17.33000	134.83000	0.00000	0.00000	0.00000	0.13950	0.00000
0.62115	0.12500	4.40100	200.29300	238630000.00000	648030000.00000	35980000.00000	648030000.00000	0.00000	13.30000	116.30000	0.00000	0.00000	0.00000	0.15134	0.00000
0.65366	0.12500	3.83400	179.40400	175880000.00000	539700000.00000	27440000.00000	539700000.00000	0.00000	9.96000	97.98000	0.00000	0.00000	0.00000	0.17418	0.00000
0.68618	0.12500	3.33200	165.09400	126010000.00000	531150000.00000	20900000.00000	531150000.00000	0.00000	7.30000	98.93000	0.00000	0.00000	0.00000	0.24922	0.00000
0.71870	0.12500	2.89000	154.41100	107260000.00000	460010000.00000	18540000.00000	460010000.00000	0.00000	6.22000	85.78000	0.00000	0.00000	0.00000	0.26022	0.00000
0.75122	0.12500	2.50300	138.93500	90880000.00000	375750000.00000	16280000.00000	375750000.00000	0.00000	5.19000	69.96000	0.00000	0.00000	0.00000	0.22554	0.00000
0.78376	0.12500	2.11600	129.55500	76310000.00000	328890000.00000	14530000.00000	328890000.00000	0.00000	4.36000	61.41000	0.00000	0.00000	0.00000	0.22795	0.00000
0.81626	0.12500	1.73000	107.26400	61050000.00000	244040000.00000	9070000.00000	244040000.00000	0.00000	3.36000	45.44000	0.00000	0.00000	0.00000	0.20600	0.00000
0.84878	0.12500	1.34200	98.77600	49480000.00000	211600000.00000	8060000.00000	211600000.00000	0.00000	2.75000	39.57000	0.00000	0.00000	0.00000	0.21662	0.00000
0.88130	0.12500	0.95400	90.24800	39360000.00000	181520000.00000	7080000.00000	181520000.00000	0.00000	2.21000	34.09000	0.00000	0.00000	0.00000	0.22784	0.00000
0.89756	0.12500	0.76000	83.00100	34670000.00000	160250000.00000	6090000.00000	160250000.00000	0.00000	1.93000	30.12000	0.00000	0.00000	0.00000	0.23124	0.00000
0.91382	0.12500	0.57400	72.90600	30410000.00000	109230000.00000	5750000.00000	109230000.00000	0.00000	1.69000	20.15000	0.00000	0.00000	0.00000	0.14826	0.00000
0.93008	0.12500	0.40400	68.77200	26520000.00000	100080000.00000	5330000.00000	100080000.00000	0.00000	1.49000	18.53000	0.00000	0.00000	0.00000	0.15346	0.00000
0.93821	0.12500	0.31900	66.26400	23840000.00000	92240000.00000	4940000.00000	92240000.00000	0.00000	1.34000	17.11000	0.00000	0.00000	0.00000	0.15382	0.00000
0.94636	0.12500	0.25300	59.34000	19630000.00000	63230000.00000	4240000.00000	63230000.00000	0.00000	1.10000	11.55000	0.00000	0.00000	0.00000	0.09470	0.00000
0.95447	0.12500	0.21600	55.91400	16000000.00000	53320000.00000	3660000.00000	53320000.00000	0.00000	0.89000	9.77000	0.00000	0.00000	0.00000	0.09018	0.00000
0.96260	0.12500	0.17800	52.48400	12830000.00000	44530000.00000	3130000.00000	44530000.00000	0.00000	0.71000	8.19000	0.00000	0.00000	0.00000	0.08561	0.00000
0.97073	0.12500	0.14000	49.11400	10080000.00000	36900000.00000	2640000.00000	36900000.00000	0.00000	0.56000	6.82000	0.00000	0.00000	0.00000	0.08035	0.00000
0.97886	0.12500	0.10100	45.81800	7550000.00000	29920000.00000	2170000.00000	29920000.00000	0.00000	0.42000	5.57000	0.00000	0.00000	0.00000	0.07096	0.00000
0.98699	0.12500	0.06200	41.66900	4600000.00000	21310000.00000	1580000.00000	21310000.00000	0.00000	0.25000	4.01000	0.00000	0.00000	0.00000	0.05424	0.00000
0.99512	0.12500	0.02300	11.45300	250000.00000	4850000.00000	250000.00000	4850000.00000	0.00000	0.04000	0.94000	0.00000	0.00000	0.00000	0.05387	0.00000
1.00000	0.12500	0.00000	10.31900	170000.00000	3530000.00000	190000.00000	3530000.00000	0.00000	0.02000	0.68000	0.00000	0.00000	0.00000	0.05181	0.00000
Blade Mode Shapes
0.0622
1.7254
-3.2452
4.7131
-2.2555
-0.5809
1.2067
-15.5349
29.7347
-13.8255
0.3627
2.5337
-3.5772
2.3760
-0.6952
