---
---
NREL 5.0 MW offshore baseline monopile tower with rigid foundation input properties.
Tower Parameters
 13
False
  1.0
  1.0
  1.0
  1.0
Tower Adjustment Factors
  1.0
  1.0
  1.0
  1.0
  1.0
  1.0
  1.0
Distributed Tower Properties
---
---
0.00000	9517.14000	1037130000000.00000	1037130000000.00000	798098000000.00000	235129000000.00000	41979.20000	41979.20000	0.00000	0.00000
0.27881	9517.14000	1037130000000.00000	1037130000000.00000	798098000000.00000	235129000000.00000	41979.20000	41979.20000	0.00000	0.00000
0.27882	4306.51000	474490000000.00000	474490000000.00000	365133000000.00000	106396000000.00000	19205.60000	19205.60000	0.00000	0.00000
0.35094	4030.44000	413080000000.00000	413080000000.00000	317878000000.00000	99576000000.00000	16720.00000	16720.00000	0.00000	0.00000
0.42306	3763.45000	357830000000.00000	357830000000.00000	275356000000.00000	92979000000.00000	14483.40000	14483.40000	0.00000	0.00000
0.49517	3505.52000	308300000000.00000	308300000000.00000	237242000000.00000	86607000000.00000	12478.70000	12478.70000	0.00000	0.00000
0.56729	3256.66000	264080000000.00000	264080000000.00000	203220000000.00000	80459000000.00000	10689.20000	10689.20000	0.00000	0.00000
0.63941	3016.86000	224800000000.00000	224800000000.00000	172987000000.00000	74534000000.00000	9098.90000	9098.90000	0.00000	0.00000
0.71153	2786.13000	190060000000.00000	190060000000.00000	146252000000.00000	68834000000.00000	7692.70000	7692.70000	0.00000	0.00000
0.78365	2564.46000	159490000000.00000	159490000000.00000	122735000000.00000	63357000000.00000	6455.70000	6455.70000	0.00000	0.00000
0.85576	2351.87000	132770000000.00000	132770000000.00000	102167000000.00000	58105000000.00000	5373.90000	5373.90000	0.00000	0.00000
0.92788	2148.34000	109540000000.00000	109540000000.00000	84291000000.00000	53077000000.00000	4433.60000	4433.60000	0.00000	0.00000
1.00000	1953.87000	89490000000.00000	89490000000.00000	68863000000.00000	48272000000.00000	3622.10000	3622.10000	0.00000	0.00000
Tower Fore-Aft Mode Shapes
1.3567
-3.7853
8.5603
-7.4143
2.2826
-59.6946
60.4622
-84.683
182.3303
-97.4148
Tower Side-to-Side Mode Shapes
1.3381
-3.8562
8.8383
-7.5993
2.2791
-79.9756
114.9671
-238.8314
380.7391
-175.8991
